#NUMBER OF AGES= 1 MAGS= 5
#----------------------------------------------------       
#MIX-LEN  Y      Z          Zeff        [Fe/H] [a/Fe]
# 1.9380  0.2451 6.6505E-05 6.6505E-05  -2.45   0.00 
#----------------------------------------------------       
#**PHOTOMETRIC SYSTEM**: SDSS (AB)
#----------------------------------------------------       
#AGE=13.500 EEPS=266
#EEP   M/Mo    LogTeff  LogG   LogL/Lo sdss_u  sdss_g  sdss_r  sdss_i  sdss_z
  14  0.108415  3.5549  5.3668 -2.7211 17.2036 13.6264 12.0251 11.3944 11.0433
  15  0.118275  3.5662  5.3233 -2.5943 16.4491 13.1829 11.6631 11.0789 10.7477
  16  0.128728  3.5767  5.2813 -2.4734 15.7658 12.7607 11.3258 10.7767 10.4618
  17  0.139321  3.5854  5.2443 -2.3673 15.1667 12.3898 11.0345 10.5116 10.2094
  18  0.149577  3.5919  5.2138 -2.2804 14.7243 12.0949 10.7983 10.2933 10.0004
  19  0.159385  3.5964  5.1890 -2.2094 14.4155 11.8653 10.6077 10.1147  9.8282
  20  0.169032  3.6001  5.1675 -2.1479 14.1653 11.6711 10.4432  9.9594  9.6782
  21  0.179415  3.6034  5.1472 -2.0884 13.9282 11.4859 10.2846  9.8091  9.5327
  22  0.193828  3.6073  5.1230 -2.0154 13.6393 11.2599 10.0898  9.6241  9.3536
  23  0.209469  3.6111  5.0996 -1.9431 13.3601 11.0378  9.8970  9.4407  9.1760
  24  0.230189  3.6157  5.0732 -1.8572 13.0372 10.7762  9.6677  9.2223  8.9648
  25  0.258115  3.6208  5.0454 -1.7593 12.6746 10.4784  9.4052  8.9724  8.7234
  26  0.283077  3.6248  5.0255 -1.6830 12.3954 10.2477  9.2008  8.7778  8.5353
  27  0.304219  3.6279  5.0114 -1.6251 12.1827 10.0719  9.0449  8.6295  8.3923
  28  0.318838  3.6300  5.0030 -1.5883 12.0479  9.9606  8.9458  8.5353  8.3014
  29  0.330556  3.6315  4.9966 -1.5601 11.9447  9.8756  8.8699  8.4631  8.2318
  30  0.341163  3.6329  4.9910 -1.5352 11.8524  9.8001  8.8027  8.3992  8.1702
  31  0.351208  3.6343  4.9856 -1.5115 11.7636  9.7280  8.7388  8.3387  8.1119
  32  0.359003  3.6355  4.9813 -1.4932 11.6941  9.6720  8.6893  8.2917  8.0668
  33  0.364556  3.6363  4.9779 -1.4797 11.6423  9.6305  8.6527  8.2572  8.0336
  34  0.368730  3.6370  4.9749 -1.4690 11.6004  9.5971  8.6234  8.2295  8.0071
  35  0.372170  3.6377  4.9719 -1.4595 11.5633  9.5677  8.5976  8.2052  7.9838
  36  0.375260  3.6382  4.9689 -1.4505 11.5282  9.5398  8.5731  8.1822  7.9617
  37  0.378294  3.6388  4.9657 -1.4414 11.4930  9.5118  8.5484  8.1588  7.9394
  38  0.381534  3.6394  4.9620 -1.4318 11.4561  9.4822  8.5222  8.1339  7.9155
  39  0.385281  3.6401  4.9577 -1.4205 11.4137  9.4478  8.4918  8.1052  7.8878
  40  0.389536  3.6408  4.9520 -1.4067 11.3623  9.4059  8.4547  8.0699  7.8539
  41  0.397090  3.6424  4.9425 -1.3827 11.2698  9.3309  8.3890  8.0082  7.7947
  42  0.403012  3.6436  4.9347 -1.3637 11.1969  9.2721  8.3374  7.9595  7.7481
  43  0.413262  3.6459  4.9227 -1.3319 11.0717  9.1728  8.2505  7.8780  7.6702
  44  0.425980  3.6490  4.9082 -1.2913 10.9042  9.0434  8.1386  7.7735  7.5711
  45  0.441167  3.6535  4.8902 -1.2402 10.6844  8.8776  7.9966  7.6418  7.4466
  46  0.454484  3.6578  4.8740 -1.1941 10.4816  8.7275  7.8685  7.5234  7.3350
  47  0.465347  3.6617  4.8600 -1.1543 10.3029  8.5970  7.7579  7.4215  7.2391
  48  0.475691  3.6657  4.8462 -1.1149 10.1244  8.4673  7.6485  7.3212  7.1452
  49  0.485601  3.6698  4.8331 -1.0764  9.9468  8.3392  7.5413  7.2232  7.0539
  50  0.495625  3.6743  4.8204 -1.0365  9.7583  8.2050  7.4300  7.1224  6.9602
  51  0.504688  3.6787  4.8092 -1.0000  9.5840  8.0819  7.3287  7.0306  6.8754
  52  0.509709  3.6812  4.8030 -0.9794  9.4853  8.0127  7.2719  6.9794  6.8280
  53  0.514401  3.6837  4.7973 -0.9600  9.3908  7.9466  7.2181  6.9311  6.7834
  54  0.518885  3.6861  4.7919 -0.9411  9.2982  7.8824  7.1659  6.8843  6.7404
  55  0.523234  3.6885  4.7866 -0.9226  9.2091  7.8200  7.1152  6.8388  6.6986
  56  0.527516  3.6909  4.7815 -0.9041  9.1196  7.7576  7.0647  6.7936  6.6571
  57  0.531797  3.6934  4.7762 -0.8857  9.0313  7.6957  7.0142  6.7485  6.6156
  58  0.536108  3.6959  4.7712 -0.8669  8.9419  7.6328  6.9632  6.7030  6.5738
  59  0.540470  3.6985  4.7659 -0.8479  8.8521  7.5695  6.9118  6.6570  6.5315
  60  0.544900  3.7011  4.7607 -0.8285  8.7608  7.5053  6.8598  6.6104  6.4887
  61  0.549396  3.7038  4.7552 -0.8088  8.6691  7.4405  6.8072  6.5632  6.4453
  62  0.553945  3.7065  4.7497 -0.7888  8.5768  7.3751  6.7541  6.5156  6.4016
  63  0.558484  3.7093  4.7442 -0.7687  8.4850  7.3094  6.7009  6.4680  6.3579
  64  0.563010  3.7121  4.7387 -0.7486  8.3940  7.2438  6.6477  6.4204  6.3142
  65  0.567496  3.7148  4.7332 -0.7285  8.3043  7.1786  6.5948  6.3732  6.2709
  66  0.571933  3.7176  4.7277 -0.7085  8.2163  7.1142  6.5426  6.3265  6.2281
  67  0.576313  3.7204  4.7222 -0.6887  8.1302  7.0508  6.4911  6.2805  6.1858
  68  0.580616  3.7231  4.7166 -0.6692  8.0466  6.9886  6.4405  6.2351  6.1441
  69  0.584848  3.7257  4.7112 -0.6500  7.9657  6.9281  6.3908  6.1904  6.1030
  70  0.588994  3.7284  4.7057 -0.6310  7.8879  6.8693  6.3423  6.1466  6.0625
  71  0.593046  3.7309  4.7002 -0.6124  7.8130  6.8120  6.2949  6.1037  6.0227
  72  0.597001  3.7333  4.6949 -0.5942  7.7408  6.7565  6.2486  6.0617  5.9839
  73  0.600857  3.7357  4.6895 -0.5764  7.6712  6.7024  6.2035  6.0208  5.9459
  74  0.604610  3.7381  4.6840 -0.5590  7.6042  6.6497  6.1595  5.9808  5.9089
  75  0.608264  3.7404  4.6787 -0.5420  7.5391  6.5983  6.1166  5.9419  5.8727
  76  0.611826  3.7426  4.6734 -0.5253  7.4757  6.5479  6.0745  5.9039  5.8376
  77  0.615300  3.7447  4.6681 -0.5089  7.4142  6.4987  6.0335  5.8667  5.8031
  78  0.618699  3.7468  4.6628 -0.4929  7.3547  6.4506  5.9932  5.8301  5.7692
  79  0.622017  3.7488  4.6575 -0.4770  7.2973  6.4038  5.9537  5.7942  5.7357
  80  0.625264  3.7508  4.6522 -0.4615  7.2418  6.3581  5.9149  5.7587  5.7028
  81  0.628444  3.7528  4.6469 -0.4462  7.1877  6.3134  5.8768  5.7239  5.6703
  82  0.633060  3.7557  4.6390 -0.4238  7.1095  6.2482  5.8214  5.6733  5.6230
  83  0.637682  3.7585  4.6308 -0.4012  7.0302  6.1822  5.7659  5.6227  5.5761
  84  0.642316  3.7613  4.6224 -0.3784  6.9509  6.1157  5.7099  5.5720  5.5288
  85  0.646955  3.7641  4.6137 -0.3554  6.8723  6.0492  5.6536  5.5206  5.4810
  86  0.651596  3.7669  4.6048 -0.3321  6.7955  5.9828  5.5966  5.4684  5.4320
  87  0.656204  3.7696  4.5956 -0.3088  6.7201  5.9167  5.5395  5.4156  5.3826
  88  0.660766  3.7723  4.5862 -0.2854  6.6459  5.8508  5.4823  5.3627  5.3328
  89  0.665275  3.7750  4.5766 -0.2620  6.5725  5.7849  5.4248  5.3096  5.2829
  90  0.669730  3.7777  4.5667 -0.2384  6.5000  5.7190  5.3673  5.2563  5.2327
  91  0.674124  3.7804  4.5566 -0.2148  6.4278  5.6532  5.3099  5.2030  5.1826
  92  0.678454  3.7830  4.5462 -0.1912  6.3562  5.5875  5.2523  5.1496  5.1322
  93  0.682716  3.7856  4.5356 -0.1675  6.2853  5.5218  5.1947  5.0960  5.0816
  94  0.686906  3.7882  4.5245 -0.1437  6.2152  5.4559  5.1368  5.0421  5.0307
  95  0.691019  3.7907  4.5131 -0.1197  6.1459  5.3901  5.0786  4.9879  4.9793
  96  0.695058  3.7930  4.5013 -0.0957  6.0776  5.3242  5.0200  4.9330  4.9273
  97  0.699016  3.7954  4.4890 -0.0716  6.0100  5.2583  4.9611  4.8777  4.8747
  98  0.702890  3.7976  4.4763 -0.0474  5.9428  5.1923  4.9021  4.8223  4.8220
  99  0.706665  3.7999  4.4632 -0.0231  5.8752  5.1263  4.8433  4.7672  4.7697
 100  0.710334  3.8020  4.4497  0.0012  5.8074  5.0603  4.7851  4.7126  4.7178
 101  0.713894  3.8041  4.4357  0.0254  5.7406  4.9946  4.7268  4.6579  4.6655
 102  0.717341  3.8060  4.4214  0.0496  5.6752  4.9294  4.6682  4.6026  4.6126
 103  0.720673  3.8079  4.4066  0.0738  5.6119  4.8644  4.6090  4.5463  4.5587
 104  0.723889  3.8095  4.3914  0.0978  5.5496  4.8000  4.5497  4.4899  4.5042
 105  0.726992  3.8112  4.3759  0.1217  5.4883  4.7361  4.4905  4.4332  4.4496
 106  0.729980  3.8127  4.3599  0.1455  5.4278  4.6727  4.4315  4.3765  4.3948
 107  0.732859  3.8141  4.3436  0.1692  5.3677  4.6099  4.3727  4.3200  4.3400
 108  0.735631  3.8154  4.3268  0.1927  5.3083  4.5475  4.3142  4.2636  4.2852
 109  0.738301  3.8166  4.3097  0.2162  5.2497  4.4857  4.2560  4.2073  4.2304
 110  0.740875  3.8176  4.2922  0.2394  5.1918  4.4245  4.1981  4.1512  4.1756
 111  0.743357  3.8186  4.2744  0.2625  5.1347  4.3639  4.1405  4.0953  4.1209
 112  0.744040  3.8188  4.2693  0.2689  5.1187  4.3469  4.1244  4.0796  4.1056
 113  0.744721  3.8191  4.2641  0.2755  5.1025  4.3297  4.1080  4.0636  4.0899
 114  0.745399  3.8193  4.2590  0.2820  5.0866  4.3128  4.0919  4.0480  4.0746
 115  0.746076  3.8195  4.2537  0.2885  5.0706  4.2957  4.0757  4.0321  4.0590
 116  0.746749  3.8198  4.2484  0.2952  5.0543  4.2783  4.0591  4.0159  4.0431
 117  0.747421  3.8200  4.2431  0.3018  5.0382  4.2610  4.0427  3.9999  4.0274
 118  0.748089  3.8202  4.2377  0.3085  5.0219  4.2437  4.0262  3.9838  4.0117
 119  0.748755  3.8205  4.2323  0.3152  5.0053  4.2258  4.0092  3.9674  3.9954
 120  0.749418  3.8207  4.2268  0.3220  4.9887  4.2080  3.9924  3.9510  3.9794
 121  0.750071  3.8209  4.2214  0.3289  4.9721  4.1903  3.9754  3.9345  3.9633
 122  0.750718  3.8213  4.2160  0.3360  4.9546  4.1713  3.9578  3.9176  3.9468
 123  0.751359  3.8216  4.2106  0.3431  4.9373  4.1526  3.9404  3.9007  3.9304
 124  0.751996  3.8220  4.2053  0.3502  4.9197  4.1334  3.9227  3.8837  3.9139
 125  0.752629  3.8225  4.2002  0.3575  4.9019  4.1141  3.9048  3.8667  3.8975
 126  0.753257  3.8229  4.1950  0.3648  4.8840  4.0944  3.8869  3.8495  3.8808
 127  0.753881  3.8233  4.1898  0.3722  4.8661  4.0748  3.8687  3.8323  3.8642
 128  0.754503  3.8238  4.1844  0.3795  4.8479  4.0549  3.8505  3.8148  3.8472
 129  0.755117  3.8241  4.1784  0.3871  4.8298  4.0353  3.8319  3.7968  3.8296
 130  0.755725  3.8242  4.1720  0.3947  4.8115  4.0154  3.8131  3.7784  3.8115
 131  0.756326  3.8243  4.1652  0.4023  4.7930  3.9955  3.7938  3.7595  3.7927
 132  0.756920  3.8244  4.1580  0.4102  4.7745  3.9756  3.7743  3.7402  3.7736
 133  0.757507  3.8245  4.1508  0.4180  4.7557  3.9554  3.7546  3.7207  3.7542
 134  0.758088  3.8245  4.1433  0.4259  4.7368  3.9352  3.7347  3.7009  3.7345
 135  0.758664  3.8245  4.1355  0.4338  4.7177  3.9150  3.7146  3.6809  3.7145
 136  0.759232  3.8244  4.1276  0.4419  4.6986  3.8946  3.6944  3.6606  3.6942
 137  0.759794  3.8244  4.1195  0.4500  4.6792  3.8742  3.6738  3.6401  3.6735
 138  0.760348  3.8243  4.1112  0.4582  4.6599  3.8535  3.6531  3.6192  3.6526
 139  0.760895  3.8240  4.1023  0.4665  4.6403  3.8330  3.6320  3.5979  3.6310
 140  0.761432  3.8238  4.0931  0.4748  4.6206  3.8124  3.6107  3.5763  3.6092
 141  0.761961  3.8234  4.0838  0.4832  4.6008  3.7917  3.5893  3.5543  3.5868
 142  0.762482  3.8231  4.0741  0.4916  4.5808  3.7709  3.5675  3.5320  3.5640
 143  0.762993  3.8226  4.0641  0.5002  4.5606  3.7502  3.5454  3.5093  3.5408
 144  0.763494  3.8221  4.0537  0.5088  4.5404  3.7294  3.5231  3.4862  3.5170
 145  0.763985  3.8215  4.0429  0.5175  4.5200  3.7086  3.5006  3.4627  3.4929
 146  0.764467  3.8209  4.0318  0.5262  4.4996  3.6878  3.4777  3.4389  3.4682
 147  0.764936  3.8201  4.0203  0.5351  4.4790  3.6671  3.4546  3.4146  3.4430
 148  0.765393  3.8193  4.0083  0.5439  4.4584  3.6464  3.4313  3.3900  3.4173
 149  0.765838  3.8183  3.9959  0.5529  4.4381  3.6257  3.4080  3.3653  3.3915
 150  0.766271  3.8173  3.9828  0.5619  4.4179  3.6054  3.3849  3.3405  3.3655
 151  0.766691  3.8161  3.9693  0.5710  4.3981  3.5851  3.3617  3.3156  3.3391
 152  0.767097  3.8148  3.9552  0.5800  4.3784  3.5649  3.3383  3.2904  3.3124
 153  0.767490  3.8134  3.9406  0.5892  4.3590  3.5449  3.3150  3.2651  3.2853
 154  0.767868  3.8118  3.9255  0.5984  4.3399  3.5251  3.2914  3.2393  3.2578
 155  0.768233  3.8101  3.9098  0.6076  4.3209  3.5056  3.2676  3.2130  3.2296
 156  0.768583  3.8083  3.8935  0.6169  4.3022  3.4864  3.2437  3.1865  3.2009
 157  0.768919  3.8063  3.8765  0.6262  4.2839  3.4675  3.2198  3.1596  3.1717
 158  0.769241  3.8043  3.8590  0.6355  4.2657  3.4490  3.1959  3.1327  3.1422
 159  0.769549  3.8021  3.8409  0.6448  4.2479  3.4309  3.1720  3.1054  3.1123
 160  0.769844  3.7997  3.8224  0.6541  4.2306  3.4132  3.1481  3.0780  3.0821
 161  0.770127  3.7972  3.8033  0.6634  4.2142  3.3958  3.1242  3.0505  3.0516
 162  0.770334  3.7952  3.7885  0.6704  4.2023  3.3829  3.1060  3.0294  3.0281
 163  0.770537  3.7931  3.7729  0.6776  4.1908  3.3702  3.0874  3.0075  3.0037
 164  0.770739  3.7908  3.7563  0.6850  4.1799  3.3578  3.0682  2.9846  2.9780
 165  0.770937  3.7881  3.7385  0.6925  4.1703  3.3463  3.0482  2.9604  2.9505
 166  0.771132  3.7852  3.7193  0.7000  4.1620  3.3355  3.0277  2.9350  2.9215
 167  0.771323  3.7822  3.6998  0.7076  4.1539  3.3243  3.0075  2.9101  2.8931
 168  0.771513  3.7793  3.6803  0.7155  4.1460  3.3126  2.9872  2.8853  2.8648
 169  0.771700  3.7765  3.6611  0.7235  4.1382  3.3003  2.9665  2.8602  2.8364
 170  0.771884  3.7736  3.6418  0.7317  4.1314  3.2881  2.9453  2.8344  2.8071
 171  0.772064  3.7708  3.6220  0.7400  4.1248  3.2758  2.9238  2.8082  2.7775
 172  0.772240  3.7680  3.6026  0.7485  4.1172  3.2625  2.9021  2.7821  2.7480
 173  0.772412  3.7654  3.5836  0.7574  4.1081  3.2481  2.8799  2.7559  2.7187
 174  0.772580  3.7631  3.5651  0.7665  4.0981  3.2325  2.8571  2.7294  2.6894
 175  0.772742  3.7608  3.5469  0.7759  4.0869  3.2158  2.8338  2.7027  2.6600
 176  0.772899  3.7588  3.5290  0.7855  4.0747  3.1980  2.8098  2.6755  2.6304
 177  0.773050  3.7569  3.5116  0.7954  4.0618  3.1794  2.7853  2.6479  2.6004
 178  0.773195  3.7551  3.4944  0.8055  4.0481  3.1599  2.7600  2.6197  2.5702
 179  0.773334  3.7534  3.4777  0.8158  4.0344  3.1399  2.7340  2.5909  2.5392
 180  0.773470  3.7520  3.4613  0.8263  4.0196  3.1192  2.7077  2.5618  2.5082
 181  0.773601  3.7506  3.4453  0.8369  4.0037  3.0976  2.6810  2.5326  2.4773
 182  0.773739  3.7492  3.4284  0.8486  3.9852  3.0733  2.6517  2.5009  2.4438
 183  0.773876  3.7480  3.4115  0.8606  3.9652  3.0479  2.6218  2.4687  2.4100
 184  0.774011  3.7469  3.3948  0.8728  3.9434  3.0214  2.5913  2.4364  2.3762
 185  0.774144  3.7459  3.3782  0.8853  3.9204  2.9939  2.5604  2.4037  2.3423
 186  0.774277  3.7449  3.3618  0.8978  3.8964  2.9657  2.5292  2.3709  2.3083
 187  0.774408  3.7440  3.3456  0.9105  3.8717  2.9370  2.4975  2.3379  2.2742
 188  0.774538  3.7431  3.3295  0.9235  3.8460  2.9078  2.4657  2.3047  2.2399
 189  0.774669  3.7423  3.3136  0.9364  3.8198  2.8780  2.4336  2.2714  2.2057
 190  0.774798  3.7416  3.2977  0.9495  3.7931  2.8479  2.4013  2.2380  2.1714
 191  0.774926  3.7409  3.2820  0.9625  3.7658  2.8175  2.3688  2.2044  2.1371
 192  0.775055  3.7404  3.2663  0.9757  3.7382  2.7869  2.3362  2.1709  2.1026
 193  0.775183  3.7397  3.2507  0.9889  3.7103  2.7559  2.3034  2.1372  2.0683
 194  0.775310  3.7392  3.2352  1.0021  3.6820  2.7247  2.2706  2.1035  2.0339
 195  0.775438  3.7386  3.2198  1.0154  3.6535  2.6934  2.2376  2.0696  1.9994
 196  0.775564  3.7381  3.2044  1.0287  3.6247  2.6618  2.2045  2.0358  1.9649
 197  0.775691  3.7376  3.1891  1.0421  3.5957  2.6301  2.1714  2.0019  1.9303
 198  0.775818  3.7371  3.1739  1.0555  3.5666  2.5984  2.1383  1.9682  1.8960
 199  0.775945  3.7366  3.1588  1.0688  3.5374  2.5665  2.1052  1.9344  1.8617
 200  0.776071  3.7361  3.1436  1.0822  3.5079  2.5346  2.0720  1.9004  1.8272
 201  0.776197  3.7357  3.1285  1.0956  3.4782  2.5023  2.0386  1.8664  1.7926
 202  0.776321  3.7353  3.1132  1.1093  3.4481  2.4697  2.0047  1.8318  1.7576
 203  0.776445  3.7348  3.0978  1.1231  3.4176  2.4368  1.9706  1.7972  1.7223
 204  0.776567  3.7344  3.0823  1.1370  3.3869  2.4034  1.9361  1.7620  1.6868
 205  0.776690  3.7340  3.0670  1.1507  3.3561  2.3702  1.9018  1.7272  1.6514
 206  0.776811  3.7336  3.0515  1.1647  3.3250  2.3366  1.8671  1.6920  1.6156
 207  0.776931  3.7333  3.0358  1.1790  3.2933  2.3025  1.8318  1.6561  1.5793
 208  0.777047  3.7329  3.0197  1.1935  3.2610  2.2676  1.7958  1.6194  1.5421
 209  0.777161  3.7325  3.0034  1.2082  3.2282  2.2322  1.7592  1.5823  1.5045
 210  0.777270  3.7320  2.9864  1.2233  3.1951  2.1960  1.7216  1.5439  1.4655
 211  0.777377  3.7315  2.9692  1.2388  3.1614  2.1591  1.6833  1.5049  1.4259
 212  0.777481  3.7311  2.9517  1.2545  3.1270  2.1217  1.6444  1.4652  1.3856
 213  0.777581  3.7305  2.9337  1.2703  3.0928  2.0840  1.6049  1.4248  1.3447
 214  0.777678  3.7300  2.9156  1.2865  3.0575  2.0455  1.5649  1.3840  1.3031
 215  0.777774  3.7295  2.8975  1.3028  3.0219  2.0064  1.5243  1.3427  1.2612
 216  0.777866  3.7290  2.8788  1.3193  2.9864  1.9673  1.4833  1.3007  1.2187
 217  0.777888  3.7288  2.8744  1.3232  2.9781  1.9581  1.4737  1.2909  1.2086
 218  0.777908  3.7287  2.8700  1.3271  2.9698  1.9489  1.4639  1.2810  1.1985
 219  0.777929  3.7286  2.8655  1.3310  2.9614  1.9396  1.4542  1.2710  1.1883
 220  0.777950  3.7284  2.8611  1.3350  2.9528  1.9302  1.4443  1.2610  1.1781
 221  0.777971  3.7283  2.8567  1.3390  2.9441  1.9206  1.4345  1.2510  1.1680
 222  0.777991  3.7282  2.8523  1.3430  2.9354  1.9112  1.4247  1.2409  1.1578
 223  0.778012  3.7281  2.8480  1.3469  2.9267  1.9016  1.4147  1.2308  1.1476
 224  0.778033  3.7280  2.8434  1.3509  2.9181  1.8921  1.4047  1.2206  1.1372
 225  0.778053  3.7279  2.8388  1.3550  2.9095  1.8826  1.3948  1.2104  1.1268
 226  0.778073  3.7277  2.8342  1.3590  2.9011  1.8731  1.3847  1.2001  1.1163
 227  0.778268  3.7265  2.7894  1.3990  2.8152  1.7783  1.2855  1.0987  1.0134
 228  0.778462  3.7250  2.7395  1.4432  2.7213  1.6739  1.1759  0.9866  0.8992
 229  0.778628  3.7238  2.6929  1.4847  2.6331  1.5757  1.0729  0.8813  0.7923
 230  0.778783  3.7224  2.6457  1.5264  2.5459  1.4776  0.9695  0.7753  0.6844
 231  0.778927  3.7210  2.5975  1.5692  2.4563  1.3769  0.8633  0.6667  0.5739
 232  0.779061  3.7195  2.5486  1.6126  2.3653  1.2748  0.7560  0.5570  0.4624
 233  0.779179  3.7182  2.5019  1.6539  2.2793  1.1777  0.6539  0.4524  0.3559
 234  0.779291  3.7167  2.4534  1.6966  2.1911  1.0775  0.5482  0.3443  0.2460
 235  0.779395  3.7151  2.4036  1.7398  2.1044  0.9773  0.4416  0.2348  0.1343
 236  0.779488  3.7135  2.3554  1.7818  2.0210  0.8803  0.3382  0.1285  0.0258
 237  0.779574  3.7119  2.3072  1.8236  1.9391  0.7841  0.2351  0.0223 -0.0826
 238  0.779653  3.7103  2.2582  1.8661  1.8571  0.6867  0.1303 -0.0858 -0.1929
 239  0.779727  3.7087  2.2097  1.9083  1.7771  0.5909  0.0267 -0.1927 -0.3022
 240  0.779794  3.7071  2.1616  1.9501  1.6988  0.4961 -0.0761 -0.2990 -0.4109
 241  0.779855  3.7054  2.1133  1.9918  1.6210  0.4014 -0.1789 -0.4051 -0.5193
 242  0.779911  3.7039  2.0667  2.0322  1.5461  0.3100 -0.2781 -0.5076 -0.6241
 243  0.779962  3.7023  2.0203  2.0724  1.4720  0.2191 -0.3768 -0.6096 -0.7285
 244  0.780009  3.7007  1.9741  2.1122  1.3998  0.1299 -0.4741 -0.7103 -0.8314
 245  0.780053  3.6991  1.9296  2.1504  1.3316  0.0447 -0.5674 -0.8070 -0.9304
 246  0.780093  3.6976  1.8877  2.1863  1.2673 -0.0350 -0.6549 -0.8976 -1.0232
 247  0.780130  3.6961  1.8449  2.2230  1.2017 -0.1159 -0.7441 -0.9901 -1.1182
 248  0.780165  3.6945  1.8019  2.2596  1.1370 -0.1965 -0.8331 -1.0826 -1.2133
 249  0.780196  3.6932  1.7660  2.2904  1.0835 -0.2639 -0.9077 -1.1601 -1.2929
 250  0.780227  3.6924  1.7438  2.3096  1.0500 -0.3061 -0.9542 -1.2083 -1.3423
 251  0.780257  3.6916  1.7185  2.3317  1.0111 -0.3549 -1.0079 -1.2639 -1.3992
 252  0.780286  3.6901  1.6748  2.3690  0.9485 -0.4359 -1.0981 -1.3577 -1.4957
 253  0.780313  3.6883  1.6265  2.4102  0.8824 -0.5245 -1.1976 -1.4614 -1.6023
 254  0.780336  3.6866  1.5806  2.4494  0.8220 -0.6085 -1.2921 -1.5601 -1.7038
 255  0.780359  3.6849  1.5351  2.4882  0.7643 -0.6910 -1.3856 -1.6577 -1.8041
 256  0.780400  3.6833  1.4905  2.5262  0.7098 -0.7713 -1.4772 -1.7535 -1.9027
 257  0.780418  3.6816  1.4466  2.5633  0.6607 -0.8479 -1.5661 -1.8471 -1.9990
 258  0.780435  3.6799  1.4033  2.5997  0.6150 -0.9221 -1.6532 -1.9391 -2.0939
 259  0.780451  3.6782  1.3609  2.6355  0.5715 -0.9940 -1.7385 -2.0293 -2.1872
 260  0.780465  3.6766  1.3193  2.6705  0.5307 -1.0636 -1.8214 -2.1174 -2.2782
 261  0.780479  3.6749  1.2789  2.7045  0.4922 -1.1309 -1.9020 -2.2029 -2.3668
 262  0.780491  3.6733  1.2387  2.7382  0.4554 -1.1970 -1.9815 -2.2875 -2.4544
 263  0.780503  3.6717  1.1997  2.7710  0.4206 -1.2610 -2.0586 -2.3695 -2.5394
 264  0.780513  3.6702  1.1612  2.8034  0.3873 -1.3237 -2.1344 -2.4503 -2.6232
 265  0.780523  3.6686  1.1235  2.8350  0.3559 -1.3846 -2.2083 -2.5291 -2.7050
 266  0.780532  3.6672  1.0867  2.8659  0.3263 -1.4436 -2.2803 -2.6060 -2.7847
 267  0.780541  3.6658  1.0507  2.8962  0.2986 -1.5008 -2.3505 -2.6811 -2.8629
 268  0.780549  3.6644  1.0150  2.9261  0.2728 -1.5566 -2.4196 -2.7552 -2.9398
 269  0.780556  3.6629  0.9802  2.9552  0.2496 -1.6100 -2.4865 -2.8271 -3.0147
 270  0.780564  3.6614  0.9454  2.9840  0.2301 -1.6614 -2.5520 -2.8981 -3.0889
 271  0.780570  3.6599  0.9112  3.0121  0.2133 -1.7107 -2.6158 -2.9673 -3.1614
 272  0.780576  3.6584  0.8779  3.0395  0.1983 -1.7582 -2.6779 -3.0349 -3.2323
 273  0.780582  3.6570  0.8453  3.0666  0.1854 -1.8038 -2.7383 -3.1010 -3.3017
 274  0.780587  3.6556  0.8130  3.0932  0.1740 -1.8482 -2.7978 -3.1663 -3.3702
 275  0.780592  3.6542  0.7817  3.1189  0.1645 -1.8906 -2.8553 -3.2294 -3.4367
 276  0.780597  3.6528  0.7510  3.1442  0.1563 -1.9316 -2.9115 -3.2915 -3.5020
 277  0.780602  3.6516  0.7211  3.1689  0.1491 -1.9710 -2.9658 -3.3516 -3.5654
 278  0.780606  3.6503  0.6924  3.1925  0.1424 -2.0087 -3.0178 -3.4092 -3.6261
 279  0.780610  3.6493  0.6674  3.2132  0.1365 -2.0416 -3.0633 -3.4594 -3.6791
