#NUMBER OF AGES= 1 MAGS= 5
#----------------------------------------------------       
#MIX-LEN  Y      Z          Zeff        [Fe/H] [a/Fe]
# 1.9380  0.2454 2.6063E-04 2.6063E-04  -1.80   0.00 
#----------------------------------------------------       
#**PHOTOMETRIC SYSTEM**: SDSS (AB)
#----------------------------------------------------       
#AGE=13.000 EEPS=267
#EEP   M/Mo    LogTeff  LogG   LogL/Lo sdss_u  sdss_g  sdss_r  sdss_i  sdss_z
  13  0.106276  3.5393  5.3597 -2.7847 17.8279 14.0951 12.4099 11.6585 11.2568
  14  0.116713  3.5479  5.3123 -2.6623 17.1677 13.6697 12.0345 11.3399 10.9601
  15  0.128421  3.5565  5.2650 -2.5389 16.5384 13.2434 11.6631 11.0173 10.6586
  16  0.141246  3.5644  5.2220 -2.4229 15.9839 12.8478 11.3216 10.7139 10.3733
  17  0.154255  3.5708  5.1875 -2.3246 15.5456 12.5191 11.0385 10.4578 10.1305
  18  0.165697  3.5754  5.1626 -2.2504 15.2251 12.2744 10.8276 10.2650  9.9469
  19  0.175369  3.5788  5.1438 -2.1936 14.9838 12.0887 10.6677 10.1178  9.8063
  20  0.185068  3.5818  5.1263 -2.1410 14.7649 11.9184 10.5210  9.9817  9.6757
  21  0.198824  3.5855  5.1038 -2.0723 14.4842 11.6989 10.3321  9.8053  9.5059
  22  0.228719  3.5924  5.0622 -1.9416 13.9421 11.2840  9.9769  9.4711  9.1828
  23  0.246343  3.5957  5.0429 -1.8770 13.6866 11.0816  9.8013  9.3056  9.0227
  24  0.254760  3.5970  5.0344 -1.8489 13.5790 10.9936  9.7244  9.2332  8.9527
  25  0.284918  3.6019  5.0088 -1.7551 13.2288 10.7015  9.4696  8.9920  8.7196
  26  0.300991  3.6041  4.9975 -1.7114 13.0699 10.5669  9.3513  8.8798  8.6111
  27  0.319292  3.6067  4.9855 -1.6635 12.8910 10.4172  9.2207  8.7564  8.4920
  28  0.325190  3.6074  4.9822 -1.6492 12.8370 10.3726  9.1819  8.7197  8.4566
  29  0.328755  3.6078  4.9794 -1.6398 12.8019 10.3433  9.1563  8.6955  8.4331
  30  0.331300  3.6082  4.9779 -1.6337 12.7784 10.3240  9.1397  8.6797  8.4179
  31  0.333505  3.6085  4.9776 -1.6292 12.7604 10.3093  9.1272  8.6681  8.4068
  32  0.335515  3.6088  4.9773 -1.6251 12.7434 10.2958  9.1159  8.6576  8.3967
  33  0.337355  3.6090  4.9764 -1.6208 12.7258 10.2817  9.1038  8.6463  8.3858
  34  0.339206  3.6093  4.9750 -1.6158 12.7059 10.2655  9.0901  8.6334  8.3734
  35  0.341233  3.6096  4.9732 -1.6101 12.6836 10.2473  9.0745  8.6186  8.3591
  36  0.343686  3.6100  4.9708 -1.6033 12.6581 10.2263  9.0562  8.6013  8.3424
  37  0.346840  3.6102  4.9683 -1.5956 12.6307 10.2034  9.0362  8.5819  8.3231
  38  0.358288  3.6119  4.9576 -1.5645 12.5125 10.1057  8.9517  8.5020  8.2459
  39  0.376698  3.6159  4.9343 -1.5041 12.2732  9.9095  8.7844  8.3458  8.0965
  40  0.407315  3.6228  4.9023 -1.4100 11.8912  9.5999  8.5219  8.1019  7.8645
  41  0.421153  3.6263  4.8848 -1.3639 11.7047  9.4472  8.3926  7.9822  7.7510
  42  0.432464  3.6298  4.8700 -1.3234 11.5346  9.3095  8.2778  7.8770  7.6519
  43  0.445011  3.6343  4.8537 -1.2766 11.3316  9.1474  8.1437  7.7549  7.5376
  44  0.452138  3.6374  4.8446 -1.2481 11.2016  9.0445  8.0604  7.6801  7.4683
  45  0.465758  3.6428  4.8258 -1.1951 10.9659  8.8603  7.9085  7.5423  7.3397
  46  0.474400  3.6471  4.8149 -1.1593 10.7953  8.7299  7.8037  7.4487  7.2533
  47  0.483431  3.6517  4.8041 -1.1216 10.6108  8.5919  7.6933  7.3504  7.1631
  48  0.488908  3.6548  4.7975 -1.0979 10.4919  8.5031  7.6231  7.2885  7.1065
  49  0.497255  3.6596  4.7890 -1.0625 10.3052  8.3705  7.5186  7.1962  7.0224
  50  0.508337  3.6667  4.7786 -1.0143 10.0421  8.1913  7.3775  7.0715  6.9090
  51  0.517087  3.6722  4.7702 -0.9764  9.8341  8.0517  7.2674  6.9739  6.8202
  52  0.521486  3.6751  4.7660 -0.9569  9.7274  7.9804  7.2110  6.9239  6.7746
  53  0.525730  3.6779  4.7619 -0.9381  9.6240  7.9117  7.1566  6.8754  6.7304
  54  0.529948  3.6808  4.7579 -0.9192  9.5209  7.8438  7.1028  6.8275  6.6867
  55  0.534225  3.6836  4.7537 -0.9002  9.4172  7.7758  7.0488  6.7794  6.6427
  56  0.538588  3.6865  4.7494 -0.8808  9.3122  7.7071  6.9941  6.7306  6.5981
  57  0.543061  3.6895  4.7450 -0.8610  9.2062  7.6368  6.9383  6.6810  6.5529
  58  0.547625  3.6925  4.7406 -0.8407  9.0989  7.5654  6.8813  6.6306  6.5071
  59  0.552244  3.6955  4.7360 -0.8202  8.9905  7.4937  6.8242  6.5798  6.4609
  60  0.556835  3.6987  4.7316 -0.7998  8.8821  7.4233  6.7678  6.5294  6.4147
  61  0.561356  3.7017  4.7272 -0.7796  8.7763  7.3548  6.7127  6.4798  6.3692
  62  0.565811  3.7048  4.7228 -0.7596  8.6733  7.2877  6.6585  6.4311  6.3244
  63  0.570190  3.7078  4.7184 -0.7399  8.5741  7.2223  6.6056  6.3833  6.2806
  64  0.574499  3.7107  4.7141 -0.7206  8.4773  7.1583  6.5538  6.3366  6.2376
  65  0.578740  3.7136  4.7097 -0.7014  8.3823  7.0958  6.5032  6.2909  6.1955
  66  0.582919  3.7164  4.7052 -0.6826  8.2893  7.0347  6.4536  6.2460  6.1541
  67  0.587037  3.7192  4.7006 -0.6640  8.1994  6.9750  6.4051  6.2019  6.1135
  68  0.591094  3.7218  4.6960 -0.6456  8.1132  6.9166  6.3573  6.1587  6.0735
  69  0.595100  3.7244  4.6912 -0.6275  8.0302  6.8594  6.3105  6.1163  6.0343
  70  0.599052  3.7270  4.6864 -0.6096  7.9498  6.8032  6.2644  6.0744  5.9955
  71  0.602960  3.7295  4.6814 -0.5918  7.8716  6.7480  6.2190  6.0331  5.9574
  72  0.606822  3.7320  4.6765 -0.5742  7.7953  6.6933  6.1741  5.9925  5.9197
  73  0.610634  3.7344  4.6714 -0.5567  7.7211  6.6395  6.1299  5.9524  5.8825
  74  0.614398  3.7368  4.6662 -0.5394  7.6488  6.5864  6.0861  5.9127  5.8457
  75  0.618104  3.7391  4.6610 -0.5223  7.5789  6.5344  6.0430  5.8735  5.8094
  76  0.621754  3.7413  4.6556 -0.5054  7.5112  6.4834  6.0006  5.8348  5.7734
  77  0.625344  3.7435  4.6503 -0.4887  7.4453  6.4333  5.9589  5.7968  5.7379
  78  0.628867  3.7457  4.6449 -0.4722  7.3815  6.3844  5.9179  5.7592  5.7029
  79  0.632316  3.7478  4.6395 -0.4560  7.3197  6.3366  5.8777  5.7223  5.6684
  80  0.635702  3.7498  4.6340 -0.4401  7.2599  6.2899  5.8381  5.6860  5.6343
  81  0.639019  3.7518  4.6285 -0.4244  7.2017  6.2441  5.7993  5.6503  5.6008
  82  0.643777  3.7546  4.6203 -0.4018  7.1186  6.1781  5.7435  5.5990  5.5529
  83  0.648496  3.7574  4.6120 -0.3792  7.0360  6.1121  5.6881  5.5484  5.5056
  84  0.653161  3.7601  4.6034 -0.3567  6.9551  6.0467  5.6330  5.4980  5.4586
  85  0.657774  3.7627  4.5946 -0.3343  6.8766  5.9821  5.5781  5.4475  5.4111
  86  0.662339  3.7653  4.5857 -0.3118  6.8004  5.9183  5.5232  5.3967  5.3632
  87  0.666859  3.7679  4.5764 -0.2894  6.7257  5.8549  5.4683  5.3457  5.3152
  88  0.671330  3.7704  4.5670 -0.2669  6.6520  5.7917  5.4135  5.2948  5.2671
  89  0.675750  3.7730  4.5573 -0.2444  6.5791  5.7286  5.3586  5.2438  5.2189
  90  0.680114  3.7755  4.5475 -0.2219  6.5072  5.6656  5.3038  5.1928  5.1708
  91  0.684415  3.7779  4.5375 -0.1994  6.4358  5.6028  5.2491  5.1419  5.1226
  92  0.688651  3.7803  4.5273 -0.1768  6.3653  5.5402  5.1944  5.0909  5.0743
  93  0.692813  3.7826  4.5169 -0.1543  6.2959  5.4777  5.1396  5.0398  5.0260
  94  0.696900  3.7850  4.5062 -0.1317  6.2278  5.4153  5.0847  4.9886  4.9774
  95  0.700905  3.7873  4.4953 -0.1091  6.1607  5.3532  5.0298  4.9372  4.9286
  96  0.704814  3.7895  4.4841 -0.0866  6.0946  5.2913  4.9748  4.8858  4.8798
  97  0.708616  3.7917  4.4727 -0.0641  6.0298  5.2300  4.9202  4.8344  4.8309
  98  0.712308  3.7938  4.4610 -0.0419  5.9659  5.1691  4.8658  4.7833  4.7822
  99  0.715889  3.7958  4.4491 -0.0197  5.9030  5.1088  4.8118  4.7324  4.7337
 100  0.719355  3.7978  4.4370  0.0023  5.8407  5.0490  4.7586  4.6824  4.6860
 101  0.722711  3.7996  4.4246  0.0242  5.7794  4.9898  4.7058  4.6326  4.6384
 102  0.725960  3.8013  4.4118  0.0459  5.7193  4.9313  4.6533  4.5830  4.5908
 103  0.729104  3.8030  4.3987  0.0674  5.6607  4.8734  4.6009  4.5333  4.5430
 104  0.732142  3.8045  4.3854  0.0888  5.6035  4.8163  4.5485  4.4834  4.4950
 105  0.735083  3.8060  4.3717  0.1100  5.5476  4.7597  4.4965  4.4336  4.4468
 106  0.737929  3.8074  4.3578  0.1310  5.4925  4.7036  4.4447  4.3841  4.3990
 107  0.740685  3.8086  4.3436  0.1518  5.4383  4.6482  4.3933  4.3348  4.3513
 108  0.743359  3.8098  4.3291  0.1725  5.3850  4.5933  4.3424  4.2858  4.3037
 109  0.745958  3.8109  4.3144  0.1931  5.3324  4.5389  4.2917  4.2370  4.2563
 110  0.748488  3.8118  4.2993  0.2135  5.2807  4.4851  4.2414  4.1884  4.2089
 111  0.750951  3.8127  4.2840  0.2338  5.2299  4.4319  4.1913  4.1400  4.1615
 112  0.751651  3.8129  4.2796  0.2396  5.2151  4.4165  4.1769  4.1259  4.1478
 113  0.752349  3.8132  4.2750  0.2456  5.2001  4.4008  4.1621  4.1116  4.1339
 114  0.753043  3.8135  4.2705  0.2515  5.1853  4.3852  4.1475  4.0974  4.1199
 115  0.753732  3.8138  4.2660  0.2576  5.1699  4.3692  4.1324  4.0829  4.1058
 116  0.754418  3.8141  4.2616  0.2637  5.1543  4.3529  4.1172  4.0682  4.0915
 117  0.755101  3.8144  4.2572  0.2699  5.1387  4.3365  4.1020  4.0535  4.0772
 118  0.755781  3.8148  4.2528  0.2763  5.1227  4.3196  4.0865  4.0386  4.0629
 119  0.756457  3.8152  4.2484  0.2825  5.1069  4.3029  4.0708  4.0237  4.0485
 120  0.757131  3.8156  4.2439  0.2890  5.0906  4.2858  4.0551  4.0086  4.0338
 121  0.757802  3.8160  4.2393  0.2954  5.0745  4.2687  4.0392  3.9933  4.0189
 122  0.758469  3.8163  4.2345  0.3019  5.0582  4.2515  4.0231  3.9777  4.0038
 123  0.759133  3.8165  4.2295  0.3085  5.0418  4.2342  4.0067  3.9619  3.9884
 124  0.759792  3.8168  4.2242  0.3151  5.0254  4.2168  3.9901  3.9458  3.9726
 125  0.760446  3.8171  4.2187  0.3218  5.0088  4.1993  3.9734  3.9293  3.9564
 126  0.761094  3.8172  4.2128  0.3286  4.9922  4.1818  3.9563  3.9126  3.9398
 127  0.761736  3.8173  4.2067  0.3355  4.9754  4.1640  3.9391  3.8956  3.9229
 128  0.762374  3.8174  4.2005  0.3425  4.9585  4.1461  3.9217  3.8783  3.9058
 129  0.763007  3.8175  4.1942  0.3495  4.9416  4.1282  3.9041  3.8609  3.8885
 130  0.763637  3.8175  4.1877  0.3566  4.9244  4.1100  3.8863  3.8433  3.8710
 131  0.764261  3.8175  4.1811  0.3637  4.9072  4.0918  3.8684  3.8255  3.8534
 132  0.764881  3.8176  4.1744  0.3709  4.8899  4.0735  3.8503  3.8077  3.8354
 133  0.765496  3.8176  4.1673  0.3782  4.8726  4.0551  3.8320  3.7894  3.8173
 134  0.766104  3.8175  4.1602  0.3855  4.8551  4.0365  3.8136  3.7710  3.7988
 135  0.766707  3.8174  4.1528  0.3929  4.8376  4.0179  3.7950  3.7523  3.7800
 136  0.767303  3.8173  4.1451  0.4003  4.8199  3.9993  3.7761  3.7333  3.7609
 137  0.767891  3.8171  4.1371  0.4079  4.8022  3.9805  3.7571  3.7141  3.7415
 138  0.768473  3.8169  4.1290  0.4155  4.7844  3.9617  3.7378  3.6946  3.7217
 139  0.769048  3.8166  4.1207  0.4232  4.7666  3.9428  3.7184  3.6749  3.7017
 140  0.769615  3.8163  4.1120  0.4309  4.7486  3.9237  3.6988  3.6549  3.6814
 141  0.770173  3.8159  4.1030  0.4387  4.7306  3.9047  3.6790  3.6346  3.6607
 142  0.770724  3.8155  4.0938  0.4466  4.7126  3.8857  3.6590  3.6140  3.6396
 143  0.771265  3.8151  4.0843  0.4546  4.6945  3.8666  3.6386  3.5930  3.6181
 144  0.771796  3.8145  4.0745  0.4626  4.6763  3.8474  3.6181  3.5717  3.5962
 145  0.772318  3.8139  4.0643  0.4706  4.6581  3.8283  3.5974  3.5501  3.5738
 146  0.772829  3.8132  4.0537  0.4788  4.6399  3.8091  3.5763  3.5281  3.5510
 147  0.773330  3.8125  4.0429  0.4870  4.6216  3.7901  3.5550  3.5056  3.5277
 148  0.773819  3.8117  4.0316  0.4952  4.6033  3.7711  3.5335  3.4829  3.5039
 149  0.774298  3.8108  4.0199  0.5035  4.5850  3.7520  3.5117  3.4597  3.4796
 150  0.774763  3.8098  4.0078  0.5118  4.5669  3.7332  3.4898  3.4362  3.4550
 151  0.775217  3.8087  3.9951  0.5203  4.5490  3.7145  3.4678  3.4125  3.4299
 152  0.775657  3.8074  3.9820  0.5287  4.5316  3.6959  3.4458  3.3888  3.4048
 153  0.776085  3.8061  3.9683  0.5373  4.5146  3.6775  3.4239  3.3648  3.3792
 154  0.776500  3.8046  3.9542  0.5458  4.4981  3.6592  3.4018  3.3406  3.3533
 155  0.776901  3.8030  3.9395  0.5544  4.4821  3.6413  3.3796  3.3162  3.3272
 156  0.777289  3.8013  3.9242  0.5629  4.4666  3.6237  3.3575  3.2914  3.3003
 157  0.777662  3.7993  3.9079  0.5715  4.4519  3.6067  3.3352  3.2663  3.2729
 158  0.778023  3.7973  3.8913  0.5801  4.4374  3.5899  3.3130  3.2411  3.2453
 159  0.778370  3.7949  3.8737  0.5887  4.4240  3.5740  3.2909  3.2156  3.2170
 160  0.778705  3.7926  3.8559  0.5972  4.4111  3.5583  3.2687  3.1898  3.1886
 161  0.779029  3.7901  3.8374  0.6058  4.3992  3.5432  3.2463  3.1637  3.1595
 162  0.779294  3.7872  3.8189  0.6130  4.3930  3.5326  3.2270  3.1401  3.1324
 163  0.779557  3.7841  3.7995  0.6203  4.3885  3.5227  3.2074  3.1156  3.1044
 164  0.779816  3.7809  3.7791  0.6276  4.3857  3.5135  3.1875  3.0904  3.0754
 165  0.780075  3.7777  3.7591  0.6352  4.3829  3.5036  3.1673  3.0651  3.0463
 166  0.780333  3.7748  3.7399  0.6429  4.3786  3.4925  3.1470  3.0404  3.0182
 167  0.780589  3.7720  3.7209  0.6509  4.3740  3.4808  3.1266  3.0155  2.9901
 168  0.780841  3.7688  3.7002  0.6589  4.3725  3.4704  3.1056  2.9894  2.9601
 169  0.781086  3.7655  3.6789  0.6670  4.3719  3.4601  3.0843  2.9627  2.9294
 170  0.781327  3.7624  3.6580  0.6757  4.3699  3.4483  3.0624  2.9360  2.8991
 171  0.781563  3.7596  3.6382  0.6847  4.3653  3.4342  3.0396  2.9090  2.8689
 172  0.781791  3.7572  3.6189  0.6942  4.3587  3.4183  3.0158  2.8813  2.8384
 173  0.782009  3.7549  3.6000  0.7042  4.3503  3.4009  2.9910  2.8530  2.8073
 174  0.782217  3.7528  3.5813  0.7145  4.3403  3.3821  2.9652  2.8240  2.7758
 175  0.782414  3.7508  3.5628  0.7252  4.3284  3.3618  2.9386  2.7944  2.7438
 176  0.782602  3.7491  3.5448  0.7363  4.3147  3.3401  2.9112  2.7643  2.7117
 177  0.782782  3.7476  3.5275  0.7476  4.2992  3.3172  2.8832  2.7338  2.6794
 178  0.782955  3.7461  3.5104  0.7592  4.2820  3.2932  2.8546  2.7030  2.6469
 179  0.783121  3.7448  3.4938  0.7709  4.2640  3.2687  2.8256  2.6718  2.6143
 180  0.783282  3.7437  3.4775  0.7827  4.2451  3.2436  2.7960  2.6403  2.5813
 181  0.783439  3.7427  3.4615  0.7946  4.2252  3.2180  2.7663  2.6087  2.5483
 182  0.783610  3.7417  3.4439  0.8081  4.2019  3.1886  2.7328  2.5733  2.5116
 183  0.783779  3.7407  3.4265  0.8218  4.1771  3.1582  2.6987  2.5374  2.4746
 184  0.783947  3.7398  3.4090  0.8358  4.1511  3.1270  2.6640  2.5012  2.4371
 185  0.784114  3.7390  3.3918  0.8499  4.1240  3.0949  2.6289  2.4645  2.3995
 186  0.784281  3.7383  3.3746  0.8642  4.0960  3.0623  2.5934  2.4278  2.3617
 187  0.784447  3.7375  3.3574  0.8786  4.0671  3.0291  2.5577  2.3908  2.3239
 188  0.784611  3.7368  3.3403  0.8931  4.0374  2.9953  2.5216  2.3537  2.2859
 189  0.784775  3.7363  3.3233  0.9078  4.0072  2.9611  2.4853  2.3164  2.2479
 190  0.784939  3.7356  3.3063  0.9224  3.9765  2.9267  2.4489  2.2791  2.2098
 191  0.785103  3.7351  3.2894  0.9372  3.9452  2.8919  2.4123  2.2416  2.1717
 192  0.785266  3.7345  3.2725  0.9520  3.9134  2.8566  2.3754  2.2039  2.1333
 193  0.785428  3.7340  3.2556  0.9670  3.8813  2.8212  2.3383  2.1660  2.0948
 194  0.785591  3.7336  3.2386  0.9821  3.8488  2.7854  2.3010  2.1280  2.0561
 195  0.785753  3.7331  3.2217  0.9972  3.8161  2.7495  2.2636  2.0899  2.0175
 196  0.785914  3.7326  3.2049  1.0124  3.7829  2.7133  2.2261  2.0516  1.9786
 197  0.786075  3.7322  3.1879  1.0277  3.7493  2.6766  2.1880  2.0129  1.9394
 198  0.786234  3.7318  3.1708  1.0432  3.7152  2.6396  2.1497  1.9739  1.8999
 199  0.786390  3.7313  3.1532  1.0590  3.6802  2.6016  2.1103  1.9339  1.8593
 200  0.786544  3.7309  3.1352  1.0753  3.6443  2.5625  2.0699  1.8929  1.8178
 201  0.786695  3.7304  3.1170  1.0919  3.6077  2.5228  2.0288  1.8512  1.7755
 202  0.786844  3.7299  3.0985  1.1087  3.5704  2.4824  1.9871  1.8089  1.7326
 203  0.786990  3.7296  3.0797  1.1259  3.5321  2.4410  1.9444  1.7656  1.6888
 204  0.787130  3.7291  3.0601  1.1437  3.4927  2.3982  1.9003  1.7207  1.6434
 205  0.787266  3.7287  3.0401  1.1620  3.4522  2.3544  1.8551  1.6749  1.5970
 206  0.787397  3.7282  3.0197  1.1806  3.4108  2.3095  1.8088  1.6280  1.5495
 207  0.787525  3.7276  2.9986  1.1996  3.3692  2.2641  1.7618  1.5801  1.5010
 208  0.787650  3.7271  2.9772  1.2190  3.3271  2.2180  1.7140  1.5315  1.4517
 209  0.787770  3.7266  2.9554  1.2386  3.2845  2.1712  1.6655  1.4821  1.4016
 210  0.787887  3.7260  2.9333  1.2584  3.2417  2.1240  1.6163  1.4320  1.3507
 211  0.788001  3.7254  2.9108  1.2786  3.1987  2.0762  1.5665  1.3812  1.2992
 212  0.788112  3.7248  2.8881  1.2989  3.1549  2.0278  1.5161  1.3298  1.2470
 213  0.788219  3.7241  2.8650  1.3195  3.1114  1.9791  1.4651  1.2778  1.1942
 214  0.788322  3.7235  2.8416  1.3403  3.0678  1.9301  1.4137  1.2252  1.1408
 215  0.788423  3.7229  2.8182  1.3614  3.0232  1.8803  1.3615  1.1721  1.0868
 216  0.788520  3.7222  2.7943  1.3826  2.9790  1.8305  1.3091  1.1184  1.0324
 217  0.788540  3.7220  2.7890  1.3871  2.9704  1.8201  1.2980  1.1070  1.0206
 218  0.788561  3.7219  2.7840  1.3916  2.9608  1.8094  1.2868  1.0955  1.0090
 219  0.788581  3.7217  2.7790  1.3962  2.9508  1.7985  1.2754  1.0840  0.9973
 220  0.788600  3.7216  2.7738  1.4007  2.9410  1.7876  1.2640  1.0724  0.9855
 221  0.788620  3.7215  2.7687  1.4053  2.9315  1.7767  1.2527  1.0607  0.9737
 222  0.788640  3.7213  2.7635  1.4100  2.9219  1.7660  1.2412  1.0491  0.9618
 223  0.788659  3.7212  2.7583  1.4146  2.9124  1.7552  1.2297  1.0374  0.9499
 224  0.788679  3.7210  2.7529  1.4193  2.9032  1.7444  1.2183  1.0255  0.9378
 225  0.788699  3.7208  2.7476  1.4239  2.8937  1.7335  1.2067  1.0136  0.9257
 226  0.788718  3.7207  2.7423  1.4287  2.8840  1.7225  1.1951  1.0017  0.9136
 227  0.788889  3.7193  2.6928  1.4727  2.7931  1.6192  1.0860  0.8901  0.8002
 228  0.789047  3.7178  2.6431  1.5166  2.7035  1.5170  0.9774  0.7788  0.6870
 229  0.789189  3.7164  2.5940  1.5600  2.6148  1.4157  0.8700  0.6687  0.5749
 230  0.789326  3.7149  2.5428  1.6054  2.5220  1.3098  0.7578  0.5538  0.4580
 231  0.789454  3.7133  2.4901  1.6516  2.4304  1.2033  0.6443  0.4373  0.3392
 232  0.789562  3.7116  2.4408  1.6946  2.3460  1.1043  0.5388  0.3288  0.2286
 233  0.789668  3.7099  2.3886  1.7399  2.2577  1.0002  0.4275  0.2145  0.1118
 234  0.789759  3.7082  2.3380  1.7835  2.1749  0.9011  0.3211  0.1048 -0.0002
 235  0.789848  3.7062  2.2835  1.8302  2.0887  0.7960  0.2074 -0.0125 -0.1204
 236  0.789925  3.7042  2.2299  1.8761  2.0046  0.6932  0.0959 -0.1278 -0.2385
 237  0.789995  3.7025  2.1815  1.9177  1.9277  0.5999 -0.0055 -0.2326 -0.3458
 238  0.790062  3.7009  2.1338  1.9586  1.8529  0.5086 -0.1053 -0.3358 -0.4515
 239  0.790121  3.6993  2.0897  1.9965  1.7842  0.4241 -0.1978 -0.4316 -0.5497
 240  0.790177  3.6980  2.0524  2.0288  1.7252  0.3520 -0.2767 -0.5133 -0.6331
 241  0.790230  3.6975  2.0308  2.0483  1.6862  0.3069 -0.3252 -0.5631 -0.6838
 242  0.790282  3.6959  1.9872  2.0856  1.6200  0.2249 -0.4157 -0.6569 -0.7800
 243  0.790329  3.6939  1.9370  2.1277  1.5498  0.1337 -0.5174 -0.7627 -0.8890
 244  0.790373  3.6920  1.8900  2.1672  1.4859  0.0488 -0.6122 -0.8617 -0.9909
 245  0.790413  3.6905  1.8511  2.1998  1.4348 -0.0211 -0.6905 -0.9433 -1.0750
 246  0.790452  3.6895  1.8269  2.2205  1.4043 -0.0650 -0.7398 -0.9947 -1.1278
 247  0.790489  3.6882  1.7924  2.2496  1.3594 -0.1274 -0.8095 -1.0674 -1.2027
 248  0.790524  3.6860  1.7395  2.2938  1.2934 -0.2203 -0.9148 -1.1777 -1.3165
 249  0.790556  3.6839  1.6877  2.3371  1.2314 -0.3112 -1.0182 -1.2859 -1.4281
 250  0.790586  3.6818  1.6359  2.3805  1.1719 -0.4015 -1.1213 -1.3940 -1.5396
 251  0.790612  3.6797  1.5855  2.4225  1.1163 -0.4885 -1.2211 -1.4988 -1.6478
 252  0.790635  3.6777  1.5374  2.4625  1.0677 -0.5698 -1.3155 -1.5982 -1.7506
 253  0.790656  3.6757  1.4908  2.5012  1.0232 -0.6478 -1.4064 -1.6942 -1.8498
 254  0.790677  3.6737  1.4449  2.5392  0.9812 -0.7234 -1.4954 -1.7883 -1.9473
 255  0.790695  3.6716  1.3995  2.5765  0.9443 -0.7960 -1.5820 -1.8804 -2.0429
 256  0.790711  3.6696  1.3551  2.6127  0.9111 -0.8656 -1.6659 -1.9698 -2.1359
 257  0.790726  3.6675  1.3113  2.6484  0.8803 -0.9335 -1.7485 -2.0580 -2.2277
 258  0.790740  3.6655  1.2683  2.6833  0.8532 -0.9987 -1.8286 -2.1438 -2.3171
 259  0.790753  3.6636  1.2261  2.7175  0.8289 -1.0619 -1.9069 -2.2278 -2.4048
 260  0.790766  3.6616  1.1849  2.7509  0.8077 -1.1224 -1.9825 -2.3092 -2.4899
 261  0.790777  3.6596  1.1442  2.7838  0.7890 -1.1814 -2.0568 -2.3893 -2.5738
 262  0.790787  3.6577  1.1041  2.8161  0.7733 -1.2382 -2.1292 -2.4677 -2.6560
 263  0.790797  3.6557  1.0649  2.8474  0.7614 -1.2922 -2.1990 -2.5436 -2.7358
 264  0.790806  3.6538  1.0262  2.8784  0.7529 -1.3440 -2.2670 -2.6179 -2.8141
 265  0.790815  3.6519  0.9883  2.9085  0.7465 -1.3938 -2.3331 -2.6903 -2.8905
 266  0.790822  3.6499  0.9508  2.9382  0.7422 -1.4420 -2.3977 -2.7614 -2.9656
 267  0.790830  3.6480  0.9143  2.9671  0.7406 -1.4877 -2.4598 -2.8300 -3.0383
 268  0.790836  3.6460  0.8779  2.9956  0.7413 -1.5320 -2.5209 -2.8976 -3.1100
 269  0.790843  3.6441  0.8423  3.0235  0.7439 -1.5744 -2.5801 -2.9635 -3.1800
 270  0.790849  3.6422  0.8075  3.0508  0.7481 -1.6151 -2.6376 -3.0276 -3.2483
 271  0.790855  3.6403  0.7732  3.0776  0.7540 -1.6543 -2.6937 -3.0903 -3.3153
 272  0.790860  3.6385  0.7399  3.1037  0.7614 -1.6916 -2.7479 -3.1512 -3.3802
 273  0.790865  3.6367  0.7071  3.1295  0.7694 -1.7281 -2.8010 -3.2110 -3.4442
 274  0.790870  3.6351  0.6750  3.1546  0.7780 -1.7632 -2.8527 -3.2693 -3.5064
 275  0.790874  3.6334  0.6438  3.1791  0.7877 -1.7968 -2.9029 -3.3259 -3.5671
 276  0.790879  3.6318  0.6134  3.2031  0.7979 -1.8293 -2.9516 -3.3810 -3.6262
 277  0.790882  3.6302  0.5838  3.2264  0.8088 -1.8604 -2.9988 -3.4347 -3.6837
 278  0.790886  3.6287  0.5555  3.2487  0.8218 -1.8887 -3.0434 -3.4856 -3.7386
 279  0.791071  3.6275  0.5317  3.2677  0.8311 -1.9135 -3.0817 -3.5293 -3.7854
