#NUMBER OF AGES= 1 MAGS= 5
#----------------------------------------------------       
#MIX-LEN  Y      Z          Zeff        [Fe/H] [a/Fe]
# 1.9380  0.2453 1.7240E-04 1.7240E-04  -2.00   0.00 
#----------------------------------------------------       
#**PHOTOMETRIC SYSTEM**: SDSS (AB)
#----------------------------------------------------       
#AGE=13.000 EEPS=267
#EEP   M/Mo    LogTeff  LogG   LogL/Lo sdss_u  sdss_g  sdss_r  sdss_i  sdss_z
  13  0.104610  3.5413  5.3722 -2.7959 17.7962 14.0632 12.3827 11.6582 11.2682
  14  0.114698  3.5510  5.3263 -2.6715 17.0829 13.6257 12.0041 11.3382 10.9709
  15  0.125806  3.5606  5.2804 -2.5469 16.4154 13.1892 11.6330 11.0156 10.6695
  16  0.137885  3.5694  5.2378 -2.4295 15.8325 12.7833 11.2917 10.7112 10.3828
  17  0.150217  3.5763  5.2024 -2.3291 15.3740 12.4446 11.0067 10.4517 10.1361
  18  0.160799  3.5809  5.1773 -2.2560 15.0569 12.2033 10.8027 10.2634  9.9558
  19  0.169131  3.5841  5.1594 -2.2036 14.8355 12.0331 10.6583 10.1292  9.8268
  20  0.177395  3.5868  5.1430 -2.1556 14.6362 11.8787 10.5269 10.0062  9.7082
  21  0.190799  3.5907  5.1199 -2.0853 14.3463 11.6542 10.3356  9.8266  9.5348
  22  0.226858  3.5992  5.0688 -1.9247 13.6732 11.1447  9.9019  9.4174  9.1386
  23  0.244253  3.6025  5.0496 -1.8604 13.4166 10.9441  9.7289  9.2534  8.9796
  24  0.248379  3.6032  5.0448 -1.8456 13.3619 10.8989  9.6892  9.2156  8.9429
  25  0.284898  3.6092  5.0135 -1.7306 12.9364 10.5424  9.3778  8.9203  8.6576
  26  0.302384  3.6116  5.0017 -1.6836 12.7704 10.3992  9.2512  8.7998  8.5410
  27  0.325394  3.6149  4.9869 -1.6236 12.5488 10.2125  9.0880  8.6453  8.3921
  28  0.331357  3.6157  4.9836 -1.6093 12.4957 10.1682  9.0491  8.6085  8.3566
  29  0.334909  3.6161  4.9804 -1.5996 12.4610 10.1388  9.0231  8.5837  8.3325
  30  0.337647  3.6165  4.9791 -1.5934 12.4377 10.1194  9.0062  8.5677  8.3171
  31  0.340028  3.6168  4.9791 -1.5891 12.4209 10.1057  8.9944  8.5567  8.3066
  32  0.341915  3.6170  4.9795 -1.5861 12.4082 10.0956  8.9860  8.5488  8.2992
  33  0.343230  3.6172  4.9793 -1.5835 12.3974 10.0870  8.9786  8.5420  8.2927
  34  0.344200  3.6174  4.9787 -1.5809 12.3865 10.0783  8.9713  8.5352  8.2862
  35  0.345043  3.6176  4.9779 -1.5783 12.3759 10.0697  8.9641  8.5284  8.2797
  36  0.346038  3.6178  4.9770 -1.5755 12.3654 10.0611  8.9566  8.5214  8.2729
  37  0.347599  3.6178  4.9761 -1.5723 12.3552 10.0520  8.9481  8.5132  8.2649
  38  0.351714  3.6180  4.9737 -1.5643 12.3323 10.0306  8.9277  8.4930  8.2449
  39  0.363753  3.6201  4.9568 -1.5243 12.1848  9.9075  8.8197  8.3907  8.1461
  40  0.402595  3.6285  4.9178 -1.4075 11.7127  9.5258  8.4946  8.0880  7.8580
  41  0.417642  3.6320  4.8992 -1.3590 11.5190  9.3680  8.3596  7.9624  7.7386
  42  0.429513  3.6355  4.8843 -1.3178 11.3459  9.2297  8.2433  7.8554  7.6377
  43  0.443554  3.6404  4.8666 -1.2667 11.1237  9.0551  8.0978  7.7223  7.5130
  44  0.449497  3.6430  4.8596 -1.2435 11.0147  8.9723  8.0303  7.6614  7.4565
  45  0.465132  3.6486  4.8379 -1.1846 10.7547  8.7732  7.8638  7.5089  7.3134
  46  0.473164  3.6523  4.8276 -1.1523 10.5992  8.6592  7.7707  7.4248  7.2354
  47  0.482194  3.6566  4.8166 -1.1157 10.4196  8.5296  7.6654  7.3300  7.1477
  48  0.486294  3.6587  4.8112 -1.0983 10.3336  8.4680  7.6154  7.2850  7.1061
  49  0.495007  3.6636  4.8023 -1.0619 10.1419  8.3351  7.5094  7.1906  7.0197
  50  0.507884  3.6717  4.7901 -1.0062  9.8411  8.1319  7.3479  7.0474  6.8892
  51  0.517179  3.6773  4.7809 -0.9666  9.6291  7.9902  7.2347  6.9464  6.7970
  52  0.521332  3.6799  4.7765 -0.9485  9.5335  7.9264  7.1835  6.9007  6.7551
  53  0.525285  3.6823  4.7723 -0.9312  9.4428  7.8658  7.1347  6.8569  6.7150
  54  0.529222  3.6848  4.7681 -0.9138  9.3527  7.8055  7.0861  6.8134  6.6751
  55  0.533260  3.6873  4.7637 -0.8961  9.2622  7.7446  7.0368  6.7692  6.6345
  56  0.537440  3.6899  4.7591 -0.8777  9.1687  7.6817  6.9859  6.7235  6.5925
  57  0.541785  3.6926  4.7544 -0.8587  9.0726  7.6162  6.9331  6.6765  6.5495
  58  0.546265  3.6955  4.7497 -0.8390  8.9734  7.5484  6.8785  6.6280  6.5053
  59  0.550855  3.6984  4.7448 -0.8188  8.8720  7.4794  6.8230  6.5786  6.4602
  60  0.555433  3.7014  4.7400 -0.7986  8.7705  7.4112  6.7679  6.5293  6.4150
  61  0.559945  3.7043  4.7353 -0.7785  8.6708  7.3446  6.7140  6.4808  6.3704
  62  0.564390  3.7072  4.7305 -0.7587  8.5733  7.2794  6.6611  6.4332  6.3265
  63  0.568758  3.7101  4.7258 -0.7392  8.4786  7.2154  6.6093  6.3865  6.2836
  64  0.573053  3.7129  4.7212 -0.7200  8.3866  7.1528  6.5586  6.3408  6.2414
  65  0.577279  3.7157  4.7165 -0.7010  8.2973  7.0915  6.5088  6.2959  6.2001
  66  0.581445  3.7184  4.7117 -0.6823  8.2106  7.0315  6.4599  6.2518  6.1594
  67  0.585546  3.7211  4.7069 -0.6638  8.1265  6.9727  6.4120  6.2084  6.1194
  68  0.589591  3.7237  4.7021 -0.6455  8.0448  6.9150  6.3648  6.1658  6.0800
  69  0.593590  3.7262  4.6972 -0.6274  7.9653  6.8583  6.3184  6.1238  6.0412
  70  0.597549  3.7288  4.6922 -0.6095  7.8880  6.8025  6.2725  6.0822  6.0028
  71  0.601472  3.7312  4.6871 -0.5916  7.8126  6.7474  6.2271  6.0411  5.9648
  72  0.605360  3.7337  4.6820 -0.5739  7.7386  6.6927  6.1821  6.0004  5.9271
  73  0.609208  3.7361  4.6767 -0.5563  7.6661  6.6386  6.1375  5.9600  5.8897
  74  0.613017  3.7385  4.6714 -0.5387  7.5953  6.5852  6.0933  5.9200  5.8526
  75  0.616774  3.7408  4.6660 -0.5214  7.5264  6.5327  6.0497  5.8804  5.8158
  76  0.620478  3.7431  4.6605 -0.5042  7.4595  6.4812  6.0067  5.8411  5.7793
  77  0.624131  3.7453  4.6550 -0.4872  7.3943  6.4305  5.9642  5.8024  5.7432
  78  0.627719  3.7475  4.6495 -0.4704  7.3311  6.3808  5.9224  5.7641  5.7075
  79  0.631241  3.7496  4.6439 -0.4538  7.2700  6.3322  5.8813  5.7264  5.6722
  80  0.634697  3.7517  4.6383 -0.4375  7.2107  6.2845  5.8408  5.6892  5.6374
  81  0.638080  3.7538  4.6327 -0.4215  7.1530  6.2378  5.8011  5.6527  5.6032
  82  0.642926  3.7566  4.6244 -0.3983  7.0701  6.1704  5.7441  5.6005  5.5545
  83  0.647720  3.7595  4.6161 -0.3753  6.9870  6.1028  5.6876  5.5494  5.5069
  84  0.652446  3.7623  4.6075 -0.3524  6.9057  6.0360  5.6317  5.4985  5.4597
  85  0.657108  3.7650  4.5987 -0.3297  6.8275  5.9704  5.5760  5.4475  5.4119
  86  0.661707  3.7677  4.5899 -0.3069  6.7520  5.9059  5.5204  5.3962  5.3637
  87  0.666247  3.7704  4.5808 -0.2843  6.6782  5.8419  5.4650  5.3448  5.3154
  88  0.670728  3.7730  4.5716 -0.2616  6.6053  5.7782  5.4098  5.2936  5.2671
  89  0.675150  3.7756  4.5621 -0.2390  6.5332  5.7147  5.3546  5.2424  5.2189
  90  0.679514  3.7782  4.5525 -0.2163  6.4620  5.6513  5.2994  5.1912  5.1706
  91  0.683817  3.7807  4.5426 -0.1936  6.3914  5.5880  5.2442  5.1400  5.1223
  92  0.688059  3.7832  4.5325 -0.1708  6.3217  5.5249  5.1890  5.0886  5.0737
  93  0.692236  3.7856  4.5221 -0.1480  6.2529  5.4617  5.1335  5.0370  5.0250
  94  0.696347  3.7880  4.5113 -0.1251  6.1853  5.3985  5.0779  4.9851  4.9758
  95  0.700389  3.7904  4.5003 -0.1021  6.1184  5.3353  5.0220  4.9328  4.9263
  96  0.704347  3.7926  4.4888 -0.0791  6.0523  5.2723  4.9659  4.8804  4.8765
  97  0.708209  3.7949  4.4771 -0.0561  5.9870  5.2095  4.9099  4.8277  4.8264
  98  0.711970  3.7970  4.4650 -0.0332  5.9223  5.1470  4.8540  4.7751  4.7763
  99  0.715628  3.7991  4.4527 -0.0103  5.8583  5.0848  4.7983  4.7227  4.7264
 100  0.719180  3.8011  4.4400  0.0125  5.7944  5.0228  4.7434  4.6712  4.6773
 101  0.722624  3.8030  4.4270  0.0352  5.7313  4.9612  4.6887  4.6198  4.6282
 102  0.725960  3.8048  4.4136  0.0579  5.6695  4.9001  4.6341  4.5683  4.5789
 103  0.729188  3.8065  4.3999  0.0803  5.6091  4.8396  4.5794  4.5165  4.5292
 104  0.732308  3.8081  4.3859  0.1027  5.5504  4.7798  4.5244  4.4641  4.4788
 105  0.735323  3.8096  4.3715  0.1249  5.4929  4.7206  4.4697  4.4117  4.4282
 106  0.738236  3.8111  4.3568  0.1469  5.4363  4.6619  4.4151  4.3594  4.3776
 107  0.741047  3.8124  4.3418  0.1688  5.3806  4.6039  4.3609  4.3073  4.3271
 108  0.743765  3.8136  4.3265  0.1905  5.3257  4.5464  4.3072  4.2556  4.2768
 109  0.746394  3.8147  4.3109  0.2121  5.2715  4.4894  4.2540  4.2042  4.2269
 110  0.748943  3.8157  4.2951  0.2334  5.2181  4.4330  4.2012  4.1532  4.1771
 111  0.751415  3.8166  4.2789  0.2547  5.1655  4.3772  4.1487  4.1024  4.1274
 112  0.752094  3.8168  4.2744  0.2606  5.1509  4.3618  4.1341  4.0882  4.1136
 113  0.752772  3.8171  4.2697  0.2666  5.1360  4.3460  4.1193  4.0738  4.0995
 114  0.753447  3.8173  4.2651  0.2725  5.1214  4.3304  4.1046  4.0595  4.0855
 115  0.754118  3.8176  4.2604  0.2786  5.1064  4.3145  4.0896  4.0450  4.0713
 116  0.754784  3.8179  4.2558  0.2848  5.0909  4.2980  4.0742  4.0301  4.0568
 117  0.755446  3.8181  4.2511  0.2910  5.0757  4.2817  4.0590  4.0154  4.0424
 118  0.756104  3.8185  4.2466  0.2974  5.0598  4.2647  4.0433  4.0003  4.0279
 119  0.756758  3.8189  4.2421  0.3037  5.0441  4.2478  4.0276  3.9854  4.0134
 120  0.757410  3.8193  4.2376  0.3102  5.0279  4.2305  4.0118  3.9702  3.9987
 121  0.758060  3.8197  4.2331  0.3166  5.0118  4.2132  3.9959  3.9550  3.9840
 122  0.758706  3.8201  4.2285  0.3232  4.9955  4.1958  3.9797  3.9395  3.9691
 123  0.759350  3.8204  4.2237  0.3298  4.9792  4.1783  3.9634  3.9238  3.9538
 124  0.759990  3.8207  4.2186  0.3364  4.9627  4.1607  3.9468  3.9078  3.9382
 125  0.760624  3.8210  4.2132  0.3432  4.9462  4.1430  3.9300  3.8914  3.9221
 126  0.761253  3.8212  4.2074  0.3500  4.9295  4.1253  3.9129  3.8747  3.9056
 127  0.761876  3.8213  4.2014  0.3569  4.9128  4.1073  3.8956  3.8577  3.8888
 128  0.762493  3.8214  4.1952  0.3640  4.8958  4.0893  3.8781  3.8404  3.8717
 129  0.763107  3.8215  4.1889  0.3710  4.8788  4.0711  3.8604  3.8229  3.8543
 130  0.763716  3.8216  4.1825  0.3782  4.8616  4.0527  3.8425  3.8052  3.8368
 131  0.764320  3.8216  4.1758  0.3854  4.8443  4.0343  3.8244  3.7873  3.8190
 132  0.764920  3.8217  4.1690  0.3926  4.8269  4.0158  3.8062  3.7693  3.8009
 133  0.765514  3.8217  4.1620  0.3999  4.8094  3.9971  3.7878  3.7509  3.7827
 134  0.766103  3.8216  4.1549  0.4073  4.7918  3.9783  3.7692  3.7324  3.7641
 135  0.766686  3.8216  4.1475  0.4148  4.7741  3.9595  3.7504  3.7136  3.7453
 136  0.767262  3.8214  4.1397  0.4223  4.7562  3.9406  3.7314  3.6945  3.7261
 137  0.767832  3.8213  4.1317  0.4299  4.7383  3.9216  3.7122  3.6751  3.7065
 138  0.768394  3.8211  4.1235  0.4376  4.7203  3.9025  3.6928  3.6555  3.6866
 139  0.768950  3.8208  4.1151  0.4454  4.7022  3.8834  3.6731  3.6356  3.6664
 140  0.769498  3.8205  4.1063  0.4532  4.6839  3.8641  3.6533  3.6154  3.6459
 141  0.770038  3.8201  4.0973  0.4611  4.6656  3.8448  3.6333  3.5949  3.6250
 142  0.770570  3.8197  4.0880  0.4690  4.6472  3.8255  3.6130  3.5741  3.6037
 143  0.771093  3.8193  4.0784  0.4771  4.6286  3.8061  3.5924  3.5528  3.5819
 144  0.771606  3.8187  4.0685  0.4852  4.6099  3.7867  3.5715  3.5311  3.5596
 145  0.772110  3.8181  4.0582  0.4933  4.5911  3.7673  3.5504  3.5091  3.5368
 146  0.772604  3.8174  4.0475  0.5016  4.5722  3.7479  3.5289  3.4866  3.5135
 147  0.773087  3.8167  4.0365  0.5099  4.5532  3.7286  3.5072  3.4637  3.4897
 148  0.773559  3.8159  4.0250  0.5182  4.5342  3.7093  3.4852  3.4404  3.4653
 149  0.774020  3.8149  4.0132  0.5267  4.5152  3.6900  3.4629  3.4166  3.4404
 150  0.774468  3.8139  4.0009  0.5351  4.4963  3.6709  3.4405  3.3925  3.4151
 151  0.774905  3.8128  3.9880  0.5437  4.4776  3.6520  3.4179  3.3681  3.3893
 152  0.775328  3.8115  3.9746  0.5522  4.4595  3.6331  3.3956  3.3440  3.3637
 153  0.775739  3.8101  3.9607  0.5609  4.4418  3.6144  3.3733  3.3196  3.3377
 154  0.776136  3.8086  3.9463  0.5695  4.4244  3.5959  3.3510  3.2951  3.3115
 155  0.776520  3.8070  3.9313  0.5782  4.4075  3.5776  3.3286  3.2704  3.2850
 156  0.776891  3.8053  3.9159  0.5869  4.3907  3.5596  3.3062  3.2455  3.2579
 157  0.777247  3.8034  3.8998  0.5957  4.3742  3.5419  3.2836  3.2202  3.2304
 158  0.777591  3.8014  3.8832  0.6044  4.3580  3.5246  3.2610  3.1946  3.2025
 159  0.777922  3.7992  3.8661  0.6132  4.3425  3.5076  3.2384  3.1689  3.1742
 160  0.778239  3.7970  3.8484  0.6219  4.3278  3.4911  3.2158  3.1429  3.1456
 161  0.778545  3.7945  3.8301  0.6307  4.3139  3.4751  3.1931  3.1167  3.1165
 162  0.778786  3.7922  3.8138  0.6378  4.3040  3.4630  3.1745  3.0946  3.0916
 163  0.779024  3.7896  3.7964  0.6450  4.2952  3.4518  3.1552  3.0711  3.0650
 164  0.779259  3.7868  3.7778  0.6523  4.2877  3.4412  3.1354  3.0466  3.0371
 165  0.779492  3.7839  3.7590  0.6598  4.2805  3.4301  3.1155  3.0222  3.0092
 166  0.779723  3.7810  3.7399  0.6674  4.2736  3.4187  3.0956  2.9980  2.9817
 167  0.779950  3.7780  3.7203  0.6752  4.2680  3.4075  3.0755  2.9733  2.9535
 168  0.780173  3.7745  3.6986  0.6829  4.2670  3.3985  3.0548  2.9468  2.9228
 169  0.780391  3.7708  3.6763  0.6907  4.2674  3.3898  3.0340  2.9200  2.8916
 170  0.780608  3.7675  3.6548  0.6989  4.2654  3.3796  3.0132  2.8939  2.8615
 171  0.780823  3.7646  3.6349  0.7073  4.2608  3.3672  2.9918  2.8680  2.8322
 172  0.781034  3.7620  3.6158  0.7161  4.2545  3.3532  2.9697  2.8419  2.8030
 173  0.781239  3.7595  3.5970  0.7252  4.2471  3.3381  2.9469  2.8152  2.7734
 174  0.781436  3.7572  3.5783  0.7347  4.2388  3.3218  2.9232  2.7880  2.7434
 175  0.781623  3.7550  3.5598  0.7445  4.2291  3.3042  2.8988  2.7601  2.7129
 176  0.781802  3.7530  3.5418  0.7547  4.2176  3.2851  2.8735  2.7318  2.6823
 177  0.781972  3.7513  3.5244  0.7652  4.2045  3.2648  2.8475  2.7030  2.6514
 178  0.782135  3.7497  3.5074  0.7759  4.1896  3.2432  2.8208  2.6738  2.6203
 179  0.782291  3.7482  3.4908  0.7869  4.1740  3.2210  2.7937  2.6443  2.5891
 180  0.782442  3.7469  3.4746  0.7980  4.1575  3.1982  2.7659  2.6142  2.5574
 181  0.782588  3.7458  3.4587  0.8092  4.1399  3.1748  2.7379  2.5841  2.5257
 182  0.782749  3.7446  3.4411  0.8221  4.1186  3.1472  2.7057  2.5496  2.4897
 183  0.782908  3.7435  3.4236  0.8353  4.0957  3.1185  2.6727  2.5147  2.4534
 184  0.783066  3.7424  3.4061  0.8488  4.0714  3.0888  2.6392  2.4793  2.4167
 185  0.783223  3.7415  3.3889  0.8625  4.0458  3.0581  2.6051  2.4436  2.3798
 186  0.783379  3.7407  3.3717  0.8763  4.0193  3.0268  2.5706  2.4077  2.3428
 187  0.783534  3.7399  3.3546  0.8903  3.9917  2.9948  2.5359  2.3716  2.3058
 188  0.783688  3.7391  3.3376  0.9044  3.9633  2.9622  2.5008  2.3354  2.2686
 189  0.783841  3.7385  3.3207  0.9187  3.9342  2.9291  2.4655  2.2990  2.2314
 190  0.783994  3.7378  3.3039  0.9330  3.9046  2.8957  2.4300  2.2625  2.1941
 191  0.784147  3.7372  3.2872  0.9474  3.8743  2.8619  2.3943  2.2259  2.1567
 192  0.784299  3.7366  3.2705  0.9618  3.8435  2.8278  2.3584  2.1891  2.1193
 193  0.784450  3.7361  3.2539  0.9763  3.8126  2.7936  2.3225  2.1523  2.0818
 194  0.784602  3.7356  3.2373  0.9909  3.7814  2.7591  2.2864  2.1155  2.0443
 195  0.784754  3.7351  3.2209  1.0054  3.7498  2.7244  2.2503  2.0786  2.0069
 196  0.784904  3.7346  3.2044  1.0201  3.7179  2.6895  2.2140  2.0416  1.9692
 197  0.785055  3.7341  3.1879  1.0349  3.6855  2.6542  2.1773  2.0042  1.9313
 198  0.785204  3.7337  3.1712  1.0498  3.6528  2.6186  2.1403  1.9665  1.8931
 199  0.785351  3.7332  3.1544  1.0649  3.6196  2.5825  2.1028  1.9284  1.8544
 200  0.785499  3.7328  3.1375  1.0801  3.5862  2.5461  2.0653  1.8902  1.8157
 201  0.785645  3.7324  3.1207  1.0953  3.5524  2.5095  2.0274  1.8518  1.7767
 202  0.785791  3.7319  3.1037  1.1107  3.5181  2.4725  1.9892  1.8130  1.7374
 203  0.785934  3.7315  3.0865  1.1264  3.4831  2.4346  1.9502  1.7734  1.6974
 204  0.786071  3.7311  3.0685  1.1428  3.4466  2.3952  1.9096  1.7322  1.6556
 205  0.786204  3.7307  3.0500  1.1596  3.4093  2.3548  1.8679  1.6899  1.6128
 206  0.786332  3.7302  3.0311  1.1768  3.3709  2.3132  1.8251  1.6465  1.5689
 207  0.786457  3.7297  3.0116  1.1944  3.3323  2.2711  1.7816  1.6022  1.5240
 208  0.786579  3.7293  2.9919  1.2123  3.2929  2.2283  1.7373  1.5572  1.4784
 209  0.786697  3.7288  2.9718  1.2304  3.2531  2.1848  1.6923  1.5114  1.4320
 210  0.786812  3.7282  2.9513  1.2488  3.2131  2.1409  1.6466  1.4649  1.3848
 211  0.786924  3.7277  2.9304  1.2675  3.1730  2.0965  1.6003  1.4177  1.3369
 212  0.787033  3.7271  2.9094  1.2864  3.1321  2.0515  1.5534  1.3699  1.2884
 213  0.787138  3.7265  2.8880  1.3055  3.0913  2.0062  1.5060  1.3215  1.2392
 214  0.787241  3.7259  2.8662  1.3248  3.0503  1.9606  1.4581  1.2725  1.1894
 215  0.787340  3.7254  2.8446  1.3444  3.0080  1.9140  1.4095  1.2230  1.1392
 216  0.787437  3.7248  2.8225  1.3641  2.9660  1.8674  1.3606  1.1730  1.0885
 217  0.787458  3.7246  2.8174  1.3685  2.9572  1.8571  1.3496  1.1617  1.0769
 218  0.787479  3.7245  2.8125  1.3729  2.9478  1.8467  1.3386  1.1505  1.0655
 219  0.787500  3.7243  2.8075  1.3774  2.9380  1.8360  1.3275  1.1392  1.0540
 220  0.787520  3.7242  2.8025  1.3819  2.9283  1.8253  1.3163  1.1278  1.0424
 221  0.787541  3.7241  2.7975  1.3864  2.9188  1.8146  1.3051  1.1163  1.0308
 222  0.787562  3.7239  2.7924  1.3910  2.9093  1.8040  1.2939  1.1049  1.0192
 223  0.787582  3.7238  2.7874  1.3955  2.8996  1.7933  1.2826  1.0934  1.0075
 224  0.787602  3.7237  2.7822  1.4001  2.8899  1.7824  1.2713  1.0817  0.9957
 225  0.787623  3.7235  2.7771  1.4047  2.8803  1.7717  1.2599  1.0701  0.9839
 226  0.787643  3.7234  2.7719  1.4093  2.8707  1.7609  1.2485  1.0584  0.9719
 227  0.787823  3.7220  2.7233  1.4525  2.7801  1.6592  1.1413  0.9487  0.8605
 228  0.787986  3.7206  2.6754  1.4948  2.6929  1.5604  1.0367  0.8414  0.7513
 229  0.788136  3.7192  2.6274  1.5373  2.6046  1.4605  0.9313  0.7336  0.6416
 230  0.788281  3.7178  2.5771  1.5822  2.5109  1.3548  0.8203  0.6201  0.5263
 231  0.788416  3.7163  2.5253  1.6278  2.4181  1.2484  0.7077  0.5049  0.4089
 232  0.788530  3.7148  2.4774  1.6699  2.3332  1.1505  0.6041  0.3986  0.3007
 233  0.788643  3.7132  2.4259  1.7150  2.2429  1.0458  0.4929  0.2846  0.1845
 234  0.788739  3.7116  2.3778  1.7568  2.1611  0.9497  0.3903  0.1792  0.0770
 235  0.788834  3.7098  2.3261  1.8014  2.0759  0.8480  0.2810  0.0666 -0.0381
 236  0.788917  3.7081  2.2766  1.8443  1.9940  0.7501  0.1759 -0.0417 -0.1487
 237  0.788994  3.7064  2.2270  1.8871  1.9139  0.6530  0.0709 -0.1500 -0.2594
 238  0.789066  3.7047  2.1774  1.9299  1.8354  0.5565 -0.0341 -0.2584 -0.3702
 239  0.789129  3.7031  2.1296  1.9711  1.7608  0.4640 -0.1351 -0.3630 -0.4772
 240  0.789189  3.7013  2.0803  2.0136  1.6850  0.3694 -0.2391 -0.4708 -0.5875
 241  0.789243  3.6997  2.0334  2.0540  1.6135  0.2797 -0.3379 -0.5732 -0.6924
 242  0.789292  3.6981  1.9872  2.0937  1.5431  0.1920 -0.4347 -0.6736 -0.7952
 243  0.789337  3.6964  1.9422  2.1319  1.4759  0.1083 -0.5275 -0.7699 -0.8942
 244  0.789380  3.6948  1.9003  2.1675  1.4138  0.0306 -0.6136 -0.8595 -0.9863
 245  0.789419  3.6937  1.8705  2.1930  1.3687 -0.0254 -0.6754 -0.9236 -1.0521
 246  0.789458  3.6935  1.8613  2.2015  1.3517 -0.0450 -0.6963 -0.9449 -1.0737
 247  0.789498  3.6927  1.8361  2.2234  1.3117 -0.0939 -0.7496 -1.0000 -1.1301
 248  0.789535  3.6906  1.7836  2.2677  1.2392 -0.1885 -0.8560 -1.1109 -1.2444
 249  0.789569  3.6887  1.7326  2.3107  1.1719 -0.2806 -0.9596 -1.2190 -1.3557
 250  0.789600  3.6867  1.6825  2.3531  1.1087 -0.3704 -1.0611 -1.3251 -1.4649
 251  0.789628  3.6848  1.6341  2.3939  1.0497 -0.4566 -1.1590 -1.4275 -1.5703
 252  0.789653  3.6830  1.5864  2.4342  0.9936 -0.5409 -1.2552 -1.5283 -1.6742
 253  0.789676  3.6812  1.5401  2.4733  0.9406 -0.6224 -1.3483 -1.6260 -1.7748
 254  0.789698  3.6794  1.4946  2.5117  0.8896 -0.7016 -1.4395 -1.7218 -1.8736
 255  0.789717  3.6775  1.4493  2.5494  0.8441 -0.7777 -1.5285 -1.8158 -1.9709
 256  0.789735  3.6756  1.4052  2.5860  0.8022 -0.8507 -1.6147 -1.9071 -2.0654
 257  0.789752  3.6737  1.3614  2.6224  0.7626 -0.9224 -1.7002 -1.9978 -2.1594
 258  0.789767  3.6719  1.3187  2.6576  0.7266 -0.9910 -1.7827 -2.0856 -2.2504
 259  0.789781  3.6701  1.2769  2.6922  0.6933 -1.0576 -1.8634 -2.1716 -2.3397
 260  0.789794  3.6683  1.2358  2.7261  0.6627 -1.1219 -1.9419 -2.2555 -2.4269
 261  0.789806  3.6665  1.1956  2.7593  0.6345 -1.1844 -2.0186 -2.3376 -2.5124
 262  0.789817  3.6647  1.1557  2.7921  0.6091 -1.2451 -2.0940 -2.4185 -2.5968
 263  0.789827  3.6630  1.1170  2.8238  0.5861 -1.3034 -2.1667 -2.4967 -2.6784
 264  0.789837  3.6613  1.0787  2.8552  0.5656 -1.3599 -2.2380 -2.5737 -2.7588
 265  0.789846  3.6596  1.0413  2.8858  0.5471 -1.4145 -2.3075 -2.6489 -2.8374
 266  0.789854  3.6579  1.0043  2.9160  0.5310 -1.4674 -2.3754 -2.7227 -2.9146
 267  0.789862  3.6561  0.9681  2.9453  0.5188 -1.5173 -2.4406 -2.7938 -2.9893
 268  0.789869  3.6543  0.9320  2.9742  0.5097 -1.5655 -2.5046 -2.8639 -3.0632
 269  0.789876  3.6526  0.8967  3.0025  0.5033 -1.6115 -2.5665 -2.9320 -3.1351
 270  0.789883  3.6508  0.8618  3.0303  0.4992 -1.6558 -2.6270 -2.9988 -3.2057
 271  0.789889  3.6490  0.8276  3.0575  0.4974 -1.6982 -2.6856 -3.0637 -3.2746
 272  0.789894  3.6473  0.7942  3.0840  0.4975 -1.7388 -2.7424 -3.1269 -3.3416
 273  0.789900  3.6456  0.7613  3.1102  0.4990 -1.7782 -2.7981 -3.1891 -3.4077
 274  0.789905  3.6440  0.7290  3.1358  0.5017 -1.8162 -2.8524 -3.2498 -3.4722
 275  0.789909  3.6423  0.6976  3.1607  0.5062 -1.8523 -2.9047 -3.3085 -3.5348
 276  0.789914  3.6408  0.6669  3.1850  0.5118 -1.8871 -2.9555 -3.3657 -3.5958
 277  0.789918  3.6392  0.6370  3.2088  0.5182 -1.9205 -3.0048 -3.4214 -3.6553
 278  0.789922  3.6378  0.6086  3.2315  0.5247 -1.9522 -3.0518 -3.4744 -3.7120
 279  0.790154  3.6366  0.5845  3.2509  0.5289 -1.9799 -3.0923 -3.5201 -3.7607
