#NUMBER OF AGES= 1 MAGS= 5
#----------------------------------------------------       
#MIX-LEN  Y      Z          Zeff        [Fe/H] [a/Fe]
# 1.9380  0.2452 1.0180E-04 1.0180E-04  -2.30   0.00 
#----------------------------------------------------       
#**PHOTOMETRIC SYSTEM**: SDSS (AB)
#----------------------------------------------------       
#AGE=13.000 EEPS=267
#EEP   M/Mo    LogTeff  LogG   LogL/Lo sdss_u  sdss_g  sdss_r  sdss_i  sdss_z
  13  0.101958  3.5441  5.3927 -2.8164 17.8451 14.0135 12.3474 11.6551 11.2792
  14  0.111630  3.5549  5.3484 -2.6900 17.0741 13.5755 11.9762 11.3395 10.9855
  15  0.122011  3.5656  5.3040 -2.5639 16.3540 13.1339 11.6120 11.0214 10.6874
  16  0.133152  3.5755  5.2620 -2.4446 15.7091 12.7188 11.2753 10.7195 10.4019
  17  0.144474  3.5834  5.2260 -2.3415 15.1641 12.3625 10.9893 10.4587 10.1535
  18  0.154956  3.5890  5.1979 -2.2605 14.7819 12.0923 10.7680 10.2537  9.9569
  19  0.164370  3.5930  5.1757 -2.1968 14.5107 11.8869 10.5957 10.0924  9.8015
  20  0.173727  3.5963  5.1561 -2.1399 14.2799 11.7073 10.4430  9.9484  9.6625
  21  0.185530  3.5998  5.1346 -2.0758 14.0215 11.5059 10.2706  9.7855  9.5050
  22  0.207438  3.6053  5.1014 -1.9734 13.6047 11.1852  9.9957  9.5253  9.2530
  23  0.224187  3.6090  5.0792 -1.9024 13.3290 10.9664  9.8060  9.3450  9.0784
  24  0.240214  3.6123  5.0598 -1.8390 13.0921 10.7735  9.6365  9.1836  8.9222
  25  0.270655  3.6175  5.0319 -1.7385 12.7205 10.4655  9.3659  8.9263  8.6737
  26  0.292492  3.6208  5.0156 -1.6750 12.4904 10.2734  9.1955  8.7642  8.5170
  27  0.313433  3.6239  5.0021 -1.6192 12.2851 10.1025  9.0448  8.6210  8.3790
  28  0.324609  3.6254  4.9957 -1.5916 12.1838 10.0187  8.9703  8.5502  8.3106
  29  0.333398  3.6265  4.9905 -1.5701 12.1055  9.9539  8.9126  8.4953  8.2576
  30  0.341321  3.6276  4.9864 -1.5516 12.0367  9.8976  8.8626  8.4478  8.2118
  31  0.348672  3.6286  4.9828 -1.5347 11.9729  9.8460  8.8169  8.4046  8.1703
  32  0.354191  3.6294  4.9803 -1.5223 11.9251  9.8074  8.7830  8.3725  8.1395
  33  0.358138  3.6300  4.9780 -1.5128 11.8884  9.7781  8.7573  8.3483  8.1162
  34  0.361146  3.6305  4.9758 -1.5049 11.8575  9.7535  8.7358  8.3280  8.0969
  35  0.363702  3.6310  4.9736 -1.4978 11.8295  9.7311  8.7162  8.3096  8.0792
  36  0.366135  3.6315  4.9712 -1.4908 11.8022  9.7094  8.6972  8.2916  8.0619
  37  0.368769  3.6319  4.9687 -1.4834 11.7745  9.6870  8.6773  8.2727  8.0439
  38  0.372522  3.6324  4.9652 -1.4737 11.7405  9.6585  8.6515  8.2480  8.0198
  39  0.379316  3.6336  4.9563 -1.4519 11.6594  9.5916  8.5927  8.1923  7.9661
  40  0.397175  3.6374  4.9374 -1.3975 11.4422  9.4159  8.4420  8.0516  7.8320
  41  0.405991  3.6393  4.9261 -1.3691 11.3314  9.3258  8.3639  7.9785  7.7622
  42  0.415156  3.6415  4.9147 -1.3392 11.2108  9.2294  8.2809  7.9012  7.6887
  43  0.428582  3.6452  4.8989 -1.2948 11.0261  9.0847  8.1573  7.7866  7.5803
  44  0.440276  3.6488  4.8855 -1.2553 10.8546  8.9544  8.0466  7.6843  7.4839
  45  0.456031  3.6539  4.8656 -1.1996 10.6105  8.7709  7.8910  7.5408  7.3488
  46  0.466015  3.6576  4.8529 -1.1626 10.4419  8.6472  7.7871  7.4456  7.2595
  47  0.476350  3.6619  4.8396 -1.1230 10.2576  8.5135  7.6757  7.3439  7.1646
  48  0.484456  3.6653  4.8290 -1.0912 10.1100  8.4070  7.5868  7.2629  7.0891
  49  0.494109  3.6699  4.8174 -1.0526  9.9221  8.2740  7.4777  7.1644  6.9980
  50  0.504781  3.6757  4.8055 -1.0085  9.7000  8.1202  7.3530  7.0525  6.8951
  51  0.513415  3.6802  4.7958 -0.9728  9.5210  7.9970  7.2529  6.9627  6.8124
  52  0.517895  3.6827  4.7905 -0.9540  9.4270  7.9323  7.2005  6.9157  6.7692
  53  0.522182  3.6851  4.7856 -0.9358  9.3362  7.8699  7.1500  6.8703  6.7276
  54  0.526400  3.6876  4.7808 -0.9177  9.2460  7.8080  7.1000  6.8256  6.6865
  55  0.530619  3.6900  4.7759 -0.8996  9.1571  7.7466  7.0501  6.7808  6.6454
  56  0.534892  3.6925  4.7710 -0.8811  9.0665  7.6840  6.9993  6.7354  6.6037
  57  0.539257  3.6951  4.7659 -0.8622  8.9749  7.6202  6.9477  6.6893  6.5613
  58  0.543716  3.6978  4.7609 -0.8428  8.8812  7.5549  6.8948  6.6422  6.5182
  59  0.548268  3.7006  4.7557 -0.8229  8.7860  7.4886  6.8412  6.5943  6.4742
  60  0.552874  3.7034  4.7504 -0.8029  8.6901  7.4221  6.7873  6.5460  6.4299
  61  0.557475  3.7062  4.7452 -0.7827  8.5947  7.3557  6.7336  6.4977  6.3855
  62  0.562051  3.7091  4.7399 -0.7625  8.5002  7.2896  6.6799  6.4497  6.3414
  63  0.566582  3.7119  4.7347 -0.7424  8.4074  7.2240  6.6269  6.4021  6.2977
  64  0.571068  3.7147  4.7295 -0.7225  8.3165  7.1593  6.5744  6.3551  6.2545
  65  0.575495  3.7176  4.7242 -0.7027  8.2275  7.0955  6.5227  6.3087  6.2120
  66  0.579859  3.7203  4.7190 -0.6832  8.1410  7.0330  6.4718  6.2631  6.1700
  67  0.584154  3.7230  4.7137 -0.6639  8.0570  6.9717  6.4219  6.2182  6.1288
  68  0.588372  3.7257  4.7085 -0.6449  7.9760  6.9121  6.3730  6.1741  6.0880
  69  0.592518  3.7282  4.7032 -0.6261  7.8976  6.8539  6.3250  6.1308  6.0479
  70  0.596587  3.7308  4.6979 -0.6078  7.8219  6.7971  6.2780  6.0882  6.0086
  71  0.600575  3.7332  4.6926 -0.5896  7.7488  6.7416  6.2320  6.0465  5.9700
  72  0.604480  3.7357  4.6873 -0.5719  7.6779  6.6873  6.1869  6.0056  5.9320
  73  0.608305  3.7381  4.6820 -0.5544  7.6089  6.6340  6.1426  5.9655  5.8949
  74  0.612053  3.7404  4.6767 -0.5371  7.5418  6.5818  6.0991  5.9261  5.8584
  75  0.615725  3.7426  4.6713 -0.5201  7.4765  6.5305  6.0565  5.8875  5.8226
  76  0.619323  3.7448  4.6660 -0.5034  7.4132  6.4804  6.0146  5.8494  5.7873
  77  0.622851  3.7470  4.6606 -0.4870  7.3516  6.4313  5.9734  5.8121  5.7526
  78  0.626312  3.7491  4.6553 -0.4707  7.2923  6.3834  5.9330  5.7751  5.7182
  79  0.629703  3.7512  4.6498 -0.4547  7.2348  6.3366  5.8933  5.7388  5.6842
  80  0.633027  3.7531  4.6444 -0.4390  7.1788  6.2906  5.8542  5.7030  5.6508
  81  0.636288  3.7552  4.6391 -0.4235  7.1240  6.2455  5.8159  5.6679  5.6181
  82  0.641018  3.7580  4.6310 -0.4009  7.0438  6.1793  5.7602  5.6172  5.5709
  83  0.645742  3.7608  4.6228 -0.3781  6.9635  6.1128  5.7043  5.5666  5.5239
  84  0.650453  3.7636  4.6142 -0.3552  6.8845  6.0464  5.6484  5.5157  5.4765
  85  0.655142  3.7664  4.6055 -0.3323  6.8076  5.9807  5.5923  5.4641  5.4282
  86  0.659786  3.7691  4.5966 -0.3093  6.7326  5.9156  5.5360  5.4122  5.3795
  87  0.664385  3.7719  4.5875 -0.2863  6.6589  5.8506  5.4797  5.3602  5.3306
  88  0.668935  3.7746  4.5783 -0.2632  6.5860  5.7858  5.4234  5.3081  5.2816
  89  0.673434  3.7772  4.5687 -0.2401  6.5139  5.7210  5.3670  5.2558  5.2325
  90  0.677881  3.7799  4.5589 -0.2170  6.4423  5.6563  5.3106  5.2036  5.1833
  91  0.682271  3.7825  4.5489 -0.1937  6.3712  5.5915  5.2541  5.1512  5.1339
  92  0.686603  3.7851  4.5386 -0.1704  6.3008  5.5268  5.1975  5.0985  5.0842
  93  0.690873  3.7876  4.5280 -0.1470  6.2312  5.4620  5.1405  5.0456  5.0342
  94  0.695079  3.7900  4.5170 -0.1234  6.1624  5.3971  5.0833  4.9922  4.9838
  95  0.699215  3.7925  4.5056 -0.0998  6.0946  5.3320  5.0256  4.9383  4.9327
  96  0.703277  3.7948  4.4938 -0.0760  6.0273  5.2670  4.9676  4.8841  4.8812
  97  0.707249  3.7972  4.4817 -0.0521  5.9605  5.2019  4.9097  4.8297  4.8296
  98  0.711123  3.7994  4.4691 -0.0283  5.8934  5.1369  4.8521  4.7758  4.7783
  99  0.714894  3.8016  4.4563 -0.0045  5.8267  5.0720  4.7947  4.7220  4.7272
 100  0.718557  3.8036  4.4430  0.0193  5.7607  5.0073  4.7375  4.6684  4.6762
 101  0.722107  3.8056  4.4293  0.0431  5.6963  4.9430  4.6799  4.6141  4.6244
 102  0.725545  3.8075  4.4152  0.0668  5.6334  4.8792  4.6220  4.5593  4.5718
 103  0.728868  3.8093  4.4007  0.0903  5.5717  4.8158  4.5641  4.5043  4.5190
 104  0.732078  3.8109  4.3859  0.1138  5.5111  4.7530  4.5062  4.4489  4.4657
 105  0.735177  3.8125  4.3707  0.1371  5.4512  4.6908  4.4485  4.3937  4.4124
 106  0.738166  3.8140  4.3551  0.1603  5.3921  4.6290  4.3910  4.3386  4.3591
 107  0.741048  3.8153  4.3392  0.1834  5.3337  4.5678  4.3338  4.2836  4.3057
 108  0.743827  3.8166  4.3230  0.2063  5.2761  4.5072  4.2770  4.2289  4.2526
 109  0.746510  3.8178  4.3063  0.2290  5.2194  4.4471  4.2206  4.1744  4.1996
 110  0.749103  3.8188  4.2895  0.2516  5.1634  4.3876  4.1648  4.1204  4.1469
 111  0.751611  3.8197  4.2722  0.2740  5.1083  4.3286  4.1092  4.0665  4.0942
 112  0.752294  3.8199  4.2673  0.2803  5.0930  4.3124  4.0938  4.0515  4.0796
 113  0.752977  3.8202  4.2623  0.2866  5.0775  4.2957  4.0781  4.0364  4.0646
 114  0.753656  3.8204  4.2574  0.2928  5.0622  4.2793  4.0626  4.0213  4.0499
 115  0.754333  3.8207  4.2524  0.2992  5.0468  4.2628  4.0469  4.0061  4.0349
 116  0.755007  3.8210  4.2473  0.3056  5.0308  4.2458  4.0309  3.9904  4.0197
 117  0.755676  3.8212  4.2423  0.3121  5.0152  4.2290  4.0150  3.9750  4.0046
 118  0.756343  3.8214  4.2372  0.3186  4.9993  4.2118  3.9989  3.9594  3.9894
 119  0.757006  3.8217  4.2322  0.3252  4.9830  4.1943  3.9824  3.9436  3.9739
 120  0.757666  3.8221  4.2271  0.3318  4.9668  4.1768  3.9661  3.9277  3.9584
 121  0.758320  3.8223  4.2221  0.3384  4.9504  4.1592  3.9496  3.9118  3.9429
 122  0.758968  3.8227  4.2170  0.3454  4.9335  4.1408  3.9325  3.8955  3.9271
 123  0.759611  3.8230  4.2119  0.3522  4.9167  4.1226  3.9156  3.8791  3.9112
 124  0.760250  3.8234  4.2068  0.3592  4.8996  4.1041  3.8984  3.8626  3.8952
 125  0.760885  3.8238  4.2016  0.3662  4.8824  4.0853  3.8810  3.8459  3.8790
 126  0.761515  3.8242  4.1963  0.3733  4.8651  4.0665  3.8633  3.8289  3.8625
 127  0.762141  3.8245  4.1908  0.3805  4.8476  4.0475  3.8456  3.8117  3.8457
 128  0.762761  3.8248  4.1851  0.3878  4.8300  4.0285  3.8275  3.7942  3.8285
 129  0.763377  3.8250  4.1789  0.3951  4.8124  4.0094  3.8092  3.7763  3.8109
 130  0.763986  3.8251  4.1725  0.4025  4.7946  3.9902  3.7907  3.7581  3.7929
 131  0.764589  3.8252  4.1657  0.4099  4.7766  3.9710  3.7719  3.7395  3.7745
 132  0.765185  3.8253  4.1587  0.4175  4.7585  3.9517  3.7530  3.7208  3.7558
 133  0.765776  3.8253  4.1515  0.4251  4.7403  3.9321  3.7338  3.7017  3.7369
 134  0.766361  3.8253  4.1442  0.4328  4.7220  3.9125  3.7144  3.6825  3.7177
 135  0.766940  3.8253  4.1365  0.4406  4.7035  3.8929  3.6949  3.6630  3.6981
 136  0.767512  3.8251  4.1287  0.4484  4.6850  3.8731  3.6752  3.6433  3.6783
 137  0.768077  3.8250  4.1206  0.4563  4.6663  3.8533  3.6553  3.6232  3.6582
 138  0.768634  3.8249  4.1122  0.4642  4.6475  3.8333  3.6351  3.6029  3.6377
 139  0.769185  3.8246  4.1036  0.4723  4.6286  3.8134  3.6147  3.5823  3.6168
 140  0.769727  3.8243  4.0945  0.4804  4.6096  3.7934  3.5941  3.5614  3.5956
 141  0.770260  3.8239  4.0852  0.4886  4.5904  3.7732  3.5734  3.5401  3.5739
 142  0.770785  3.8235  4.0757  0.4968  4.5712  3.7531  3.5523  3.5186  3.5519
 143  0.771301  3.8231  4.0658  0.5052  4.5517  3.7330  3.5310  3.4965  3.5293
 144  0.771807  3.8225  4.0555  0.5136  4.5321  3.7128  3.5093  3.4740  3.5062
 145  0.772303  3.8219  4.0449  0.5220  4.5124  3.6926  3.4873  3.4512  3.4826
 146  0.772789  3.8212  4.0339  0.5305  4.4926  3.6725  3.4651  3.4279  3.4584
 147  0.773263  3.8205  4.0226  0.5391  4.4726  3.6523  3.4426  3.4042  3.4338
 148  0.773727  3.8197  4.0107  0.5478  4.4527  3.6323  3.4197  3.3800  3.4085
 149  0.774178  3.8187  3.9984  0.5565  4.4326  3.6124  3.3967  3.3553  3.3826
 150  0.774617  3.8176  3.9856  0.5653  4.4126  3.5925  3.3734  3.3303  3.3564
 151  0.775043  3.8164  3.9722  0.5741  4.3929  3.5729  3.3502  3.3053  3.3298
 152  0.775456  3.8151  3.9583  0.5829  4.3737  3.5534  3.3273  3.2804  3.3034
 153  0.775855  3.8136  3.9440  0.5919  4.3549  3.5341  3.3043  3.2553  3.2766
 154  0.776241  3.8121  3.9290  0.6008  4.3364  3.5149  3.2813  3.2301  3.2496
 155  0.776612  3.8104  3.9134  0.6098  4.3183  3.4960  3.2583  3.2047  3.2222
 156  0.776970  3.8086  3.8974  0.6188  4.3003  3.4774  3.2350  3.1788  3.1941
 157  0.777314  3.8066  3.8807  0.6279  4.2828  3.4592  3.2117  3.1526  3.1655
 158  0.777644  3.8046  3.8634  0.6369  4.2654  3.4413  3.1883  3.1261  3.1366
 159  0.777960  3.8023  3.8456  0.6460  4.2485  3.4238  3.1650  3.0994  3.1073
 160  0.778264  3.7999  3.8272  0.6550  4.2322  3.4068  3.1418  3.0726  3.0777
 161  0.778555  3.7974  3.8083  0.6641  4.2166  3.3903  3.1185  3.0457  3.0477
 162  0.778770  3.7953  3.7931  0.6709  4.2057  3.3780  3.1006  3.0246  3.0242
 163  0.778983  3.7930  3.7770  0.6779  4.1953  3.3662  3.0822  3.0028  2.9995
 164  0.779192  3.7906  3.7601  0.6851  4.1857  3.3547  3.0635  2.9801  2.9739
 165  0.779400  3.7879  3.7424  0.6924  4.1768  3.3436  3.0442  2.9566  2.9471
 166  0.779605  3.7851  3.7239  0.6997  4.1688  3.3328  3.0244  2.9323  2.9195
 167  0.779806  3.7822  3.7050  0.7072  4.1616  3.3219  3.0045  2.9077  2.8915
 168  0.780005  3.7791  3.6852  0.7148  4.1559  3.3116  2.9845  2.8829  2.8630
 169  0.780200  3.7760  3.6652  0.7224  4.1511  3.3011  2.9645  2.8580  2.8344
 170  0.780393  3.7730  3.6450  0.7303  4.1463  3.2904  2.9443  2.8328  2.8055
 171  0.780582  3.7699  3.6248  0.7384  4.1418  3.2794  2.9236  2.8072  2.7762
 172  0.780768  3.7670  3.6052  0.7466  4.1361  3.2673  2.9024  2.7815  2.7471
 173  0.780950  3.7644  3.5863  0.7552  4.1288  3.2537  2.8809  2.7559  2.7182
 174  0.781128  3.7620  3.5679  0.7641  4.1202  3.2389  2.8586  2.7299  2.6894
 175  0.781298  3.7597  3.5498  0.7732  4.1104  3.2229  2.8358  2.7035  2.6603
 176  0.781462  3.7576  3.5321  0.7827  4.0993  3.2056  2.8123  2.6768  2.6312
 177  0.781619  3.7557  3.5149  0.7925  4.0871  3.1873  2.7881  2.6497  2.6017
 178  0.781769  3.7540  3.4979  0.8025  4.0738  3.1680  2.7633  2.6220  2.5719
 179  0.781914  3.7523  3.4814  0.8126  4.0601  3.1482  2.7378  2.5938  2.5418
 180  0.782053  3.7509  3.4653  0.8230  4.0456  3.1276  2.7118  2.5652  2.5113
 181  0.782187  3.7496  3.4495  0.8335  4.0300  3.1063  2.6855  2.5365  2.4808
 182  0.782336  3.7483  3.4322  0.8455  4.0112  3.0814  2.6554  2.5039  2.4466
 183  0.782481  3.7470  3.4150  0.8578  3.9908  3.0553  2.6246  2.4708  2.4119
 184  0.782626  3.7458  3.3978  0.8704  3.9689  3.0281  2.5932  2.4374  2.3770
 185  0.782769  3.7448  3.3809  0.8833  3.9454  2.9998  2.5613  2.4038  2.3420
 186  0.782910  3.7438  3.3641  0.8962  3.9209  2.9708  2.5290  2.3699  2.3070
 187  0.783051  3.7430  3.3475  0.9093  3.8955  2.9412  2.4964  2.3358  2.2718
 188  0.783191  3.7421  3.3310  0.9226  3.8691  2.9109  2.4635  2.3016  2.2365
 189  0.783330  3.7414  3.3146  0.9360  3.8421  2.8801  2.4303  2.2672  2.2012
 190  0.783468  3.7406  3.2983  0.9495  3.8146  2.8490  2.3969  2.2327  2.1658
 191  0.783606  3.7400  3.2822  0.9630  3.7865  2.8175  2.3634  2.1981  2.1304
 192  0.783744  3.7393  3.2661  0.9766  3.7579  2.7857  2.3297  2.1634  2.0949
 193  0.783881  3.7387  3.2501  0.9902  3.7290  2.7537  2.2959  2.1286  2.0594
 194  0.784018  3.7381  3.2342  1.0040  3.6999  2.7215  2.2619  2.0938  2.0239
 195  0.784155  3.7376  3.2184  1.0176  3.6704  2.6890  2.2279  2.0590  1.9884
 196  0.784290  3.7371  3.2026  1.0314  3.6406  2.6564  2.1937  2.0240  1.9528
 197  0.784427  3.7366  3.1868  1.0453  3.6106  2.6235  2.1594  1.9890  1.9171
 198  0.784563  3.7361  3.1711  1.0592  3.5803  2.5905  2.1250  1.9538  1.8815
 199  0.784698  3.7356  3.1554  1.0731  3.5498  2.5573  2.0904  1.9186  1.8456
 200  0.784832  3.7351  3.1396  1.0871  3.5191  2.5238  2.0557  1.8832  1.8097
 201  0.784966  3.7347  3.1239  1.1012  3.4880  2.4902  2.0208  1.8477  1.7736
 202  0.785100  3.7342  3.1080  1.1154  3.4567  2.4562  1.9855  1.8118  1.7372
 203  0.785231  3.7338  3.0920  1.1298  3.4248  2.4216  1.9498  1.7755  1.7004
 204  0.785360  3.7334  3.0757  1.1444  3.3921  2.3864  1.9134  1.7384  1.6628
 205  0.785487  3.7330  3.0592  1.1593  3.3592  2.3507  1.8765  1.7009  1.6248
 206  0.785611  3.7326  3.0425  1.1744  3.3255  2.3143  1.8390  1.6628  1.5862
 207  0.785734  3.7322  3.0255  1.1897  3.2917  2.2776  1.8010  1.6242  1.5470
 208  0.785855  3.7318  3.0083  1.2053  3.2573  2.2404  1.7625  1.5850  1.5073
 209  0.785973  3.7313  2.9910  1.2209  3.2226  2.2026  1.7235  1.5454  1.4672
 210  0.786087  3.7308  2.9729  1.2371  3.1872  2.1640  1.6833  1.5044  1.4256
 211  0.786197  3.7303  2.9544  1.2536  3.1517  2.1249  1.6425  1.4628  1.3833
 212  0.786304  3.7298  2.9359  1.2703  3.1154  2.0850  1.6011  1.4206  1.3405
 213  0.786408  3.7292  2.9167  1.2871  3.0790  2.0450  1.5592  1.3777  1.2969
 214  0.786509  3.7287  2.8975  1.3043  3.0421  2.0043  1.5166  1.3343  1.2528
 215  0.786607  3.7282  2.8783  1.3217  3.0043  1.9628  1.4735  1.2903  1.2082
 216  0.786703  3.7276  2.8584  1.3392  2.9669  1.9214  1.4300  1.2459  1.1630
 217  0.786724  3.7275  2.8539  1.3432  2.9586  1.9121  1.4201  1.2358  1.1527
 218  0.786745  3.7274  2.8495  1.3471  2.9501  1.9027  1.4102  1.2257  1.1424
 219  0.786766  3.7272  2.8449  1.3512  2.9415  1.8931  1.4003  1.2155  1.1321
 220  0.786786  3.7271  2.8404  1.3552  2.9327  1.8835  1.3903  1.2053  1.1217
 221  0.786807  3.7270  2.8360  1.3592  2.9240  1.8739  1.3802  1.1950  1.1113
 222  0.786828  3.7268  2.8315  1.3633  2.9152  1.8642  1.3702  1.1848  1.1009
 223  0.786848  3.7267  2.8269  1.3674  2.9063  1.8545  1.3600  1.1745  1.0904
 224  0.786868  3.7266  2.8223  1.3715  2.8976  1.8447  1.3498  1.1640  1.0798
 225  0.786889  3.7265  2.8177  1.3756  2.8889  1.8351  1.3396  1.1536  1.0692
 226  0.786909  3.7263  2.8130  1.3797  2.8802  1.8254  1.3294  1.1431  1.0585
 227  0.787109  3.7251  2.7655  1.4220  2.7902  1.7254  1.2245  1.0359  0.9497
 228  0.787293  3.7237  2.7173  1.4647  2.7005  1.6250  1.1188  0.9276  0.8395
 229  0.787459  3.7223  2.6702  1.5065  2.6123  1.5263  1.0150  0.8215  0.7316
 230  0.787614  3.7209  2.6218  1.5494  2.5227  1.4254  0.9087  0.7126  0.6209
 231  0.787757  3.7195  2.5729  1.5926  2.4331  1.3240  0.8017  0.6032  0.5095
 232  0.787888  3.7180  2.5244  1.6355  2.3444  1.2234  0.6957  0.4946  0.3990
 233  0.788006  3.7166  2.4765  1.6777  2.2577  1.1246  0.5914  0.3879  0.2903
 234  0.788116  3.7151  2.4285  1.7198  2.1721  1.0264  0.4875  0.2813  0.1818
 235  0.788220  3.7134  2.3780  1.7635  2.0859  0.9257  0.3799  0.1708  0.0689
 236  0.788312  3.7118  2.3292  1.8060  2.0027  0.8280  0.2756  0.0634 -0.0406
 237  0.788396  3.7102  2.2809  1.8479  1.9220  0.7322  0.1726 -0.0428 -0.1490
 238  0.788476  3.7085  2.2318  1.8904  1.8415  0.6355  0.0681 -0.1505 -0.2591
 239  0.788548  3.7069  2.1834  1.9323  1.7630  0.5404 -0.0350 -0.2570 -0.3680
 240  0.788614  3.7052  2.1351  1.9741  1.6860  0.4463 -0.1376 -0.3632 -0.4766
 241  0.788675  3.7036  2.0876  2.0152  1.6107  0.3537 -0.2385 -0.4676 -0.5834
 242  0.788730  3.7021  2.0413  2.0552  1.5377  0.2640 -0.3365 -0.5690 -0.6870
 243  0.788780  3.7005  1.9955  2.0946  1.4662  0.1759 -0.4329 -0.6687 -0.7892
 244  0.788827  3.6989  1.9509  2.1328  1.3975  0.0908 -0.5262 -0.7654 -0.8883
 245  0.788871  3.6974  1.9112  2.1668  1.3369  0.0151 -0.6092 -0.8514 -0.9764
 246  0.788912  3.6963  1.8802  2.1936  1.2883 -0.0446 -0.6745 -0.9190 -1.0456
 247  0.788951  3.6951  1.8439  2.2248  1.2322 -0.1138 -0.7504 -0.9977 -1.1263
 248  0.788988  3.6933  1.7973  2.2644  1.1644 -0.1997 -0.8460 -1.0971 -1.2286
 249  0.789021  3.6918  1.7550  2.3003  1.1043 -0.2777 -0.9330 -1.1876 -1.3216
 250  0.789053  3.6905  1.7219  2.3287  1.0584 -0.3390 -1.0015 -1.2589 -1.3948
 251  0.789083  3.6895  1.6930  2.3536  1.0183 -0.3929 -1.0614 -1.3212 -1.4588
 252  0.789111  3.6879  1.6486  2.3913  0.9591 -0.4735 -1.1521 -1.4159 -1.5562
 253  0.789138  3.6861  1.6007  2.4320  0.8969 -0.5602 -1.2500 -1.5181 -1.6614
 254  0.789162  3.6843  1.5548  2.4710  0.8394 -0.6428 -1.3437 -1.6161 -1.7622
 255  0.789184  3.6826  1.5094  2.5095  0.7856 -0.7233 -1.4358 -1.7126 -1.8617
 256  0.789209  3.6809  1.4650  2.5469  0.7351 -0.8010 -1.5253 -1.8067 -1.9586
 257  0.789228  3.6791  1.4210  2.5839  0.6889 -0.8763 -1.6134 -1.8995 -2.0545
 258  0.789245  3.6774  1.3780  2.6199  0.6464 -0.9486 -1.6989 -1.9900 -2.1479
 259  0.789261  3.6756  1.3357  2.6553  0.6062 -1.0188 -1.7827 -2.0789 -2.2399
 260  0.789275  3.6739  1.2944  2.6899  0.5687 -1.0867 -1.8641 -2.1655 -2.3296
 261  0.789288  3.6723  1.2540  2.7235  0.5336 -1.1522 -1.9433 -2.2498 -2.4171
 262  0.789301  3.6706  1.2139  2.7570  0.5006 -1.2167 -2.0216 -2.3333 -2.5037
 263  0.789312  3.6689  1.1750  2.7894  0.4696 -1.2789 -2.0972 -2.4141 -2.5877
 264  0.789323  3.6674  1.1365  2.8215  0.4406 -1.3395 -2.1716 -2.4936 -2.6703
 265  0.789333  3.6658  1.0989  2.8528  0.4134 -1.3983 -2.2441 -2.5713 -2.7511
 266  0.789342  3.6643  1.0621  2.8834  0.3883 -1.4552 -2.3146 -2.6471 -2.8299
 267  0.789351  3.6627  1.0260  2.9134  0.3657 -1.5100 -2.3831 -2.7208 -2.9069
 268  0.789358  3.6611  0.9901  2.9429  0.3454 -1.5633 -2.4505 -2.7936 -2.9829
 269  0.789366  3.6596  0.9552  2.9718  0.3274 -1.6144 -2.5158 -2.8643 -3.0568
 270  0.789374  3.6580  0.9204  3.0002  0.3130 -1.6635 -2.5797 -2.9338 -3.1297
 271  0.789380  3.6564  0.8863  3.0280  0.3011 -1.7105 -2.6417 -3.0016 -3.2010
 272  0.789386  3.6549  0.8529  3.0552  0.2910 -1.7557 -2.7020 -3.0677 -3.2706
 273  0.789392  3.6533  0.8202  3.0819  0.2829 -1.7993 -2.7609 -3.1325 -3.3388
 274  0.789397  3.6519  0.7879  3.1081  0.2761 -1.8416 -2.8187 -3.1962 -3.4060
 275  0.789403  3.6504  0.7566  3.1336  0.2712 -1.8818 -2.8743 -3.2578 -3.4711
 276  0.789408  3.6490  0.7258  3.1586  0.2675 -1.9209 -2.9287 -3.3182 -3.5350
 277  0.789412  3.6475  0.6959  3.1830  0.2649 -1.9583 -2.9815 -3.3769 -3.5971
 278  0.789416  3.6463  0.6674  3.2063  0.2626 -1.9940 -3.0318 -3.4330 -3.6565
 279  0.789636  3.6452  0.6432  3.2262  0.2596 -2.0248 -3.0749 -3.4809 -3.7072
